
YAL003W	0	0	0	0	0	0	0	1	1	0	0	0	
YAL004W	1	1	1	1	1	0	1	0	0	0	0	0	
YAL005C	0	1	1	1	1	0	0	0	0	0	0	0	
YAL007C	0	0	0	0	0	0	0	0	1	1	1	1	
YAL012W	0	0	0	0	0	0	0	1	1	1	1	1	
YAL017W	1	1	1	1	1	1	1	0	0	0	0	0	
YAL019W	0	0	0	0	0	0	0	1	1	1	0	1	
YAL022C	1	0	1	0	0	0	0	1	1	1	0	0	
YAL024C	0	0	0	0	0	0	0	0	1	1	1	1	
YAL025C	0	0	0	0	0	0	0	1	1	0	0	0	
YAL028W	0	1	1	1	1	1	1	0	0	0	0	0	
YAL029C	1	0	0	0	0	0	0	1	1	1	1	1	
YAL033W	1	0	0	0	0	0	0	1	1	1	1	1	
YAL034C	0	1	1	1	1	1	1	0	0	0	0	0	
YAL034W-A	1	1	0	0	0	0	0	0	1	1	1	1	
YAL035W	0	0	0	0	0	0	0	1	1	0	0	0	
YAL036C	0	0	0	0	0	0	1	1	1	0	0	0	
YAL038W	0	0	0	0	1	1	1	1	1	0	0	0	
YAL040C	0	0	0	0	0	0	0	1	1	1	0	0	
YAL049C	0	1	1	1	1	1	1	0	0	0	0	0	
YAL053W	0	0	0	0	0	1	1	1	1	0	0	0	
YAL054C	0	1	1	1	1	1	1	0	0	0	0	0	
YAL056W	0	1	1	1	1	1	1	0	0	0	0	0	
YAL058W	1	0	0	0	0	0	0	1	1	0	1	0	
YAL061W	1	1	1	1	1	1	1	0	0	0	0	0	
YAL062W	1	1	1	0	0	0	0	0	0	0	0	0	
YAR002C-A	1	0	0	0	0	0	0	0	1	1	1	1	
YAR003W	1	0	0	0	0	0	0	0	1	1	1	0	
YAR008W	1	0	0	0	0	0	0	0	1	1	1	1	
YAR014C	0	0	0	0	0	0	0	1	1	1	1	0	
YAR018C	1	1	1	1	1	0	0	0	0	0	0	0	
YAR031W	1	1	1	1	1	0	0	0	0	0	0	0	
YAR035W	1	1	1	0	0	0	0	0	0	0	0	0	
YAR073W	1	0	0	0	0	0	0	1	1	1	1	1	
YBL002W	1	1	0	0	0	0	0	0	0	1	1	1	
YBL003C	0	1	1	0	0	0	0	0	0	0	1	1	
YBL004W	0	0	0	0	0	0	0	1	1	0	0	1	
YBL006C	0	0	1	1	1	1	1	1	1	0	0	0	
YBL007C	0	1	1	1	1	1	0	0	0	0	0	0	
YBL008W	0	0	0	0	0	0	0	1	1	1	1	1	
YBL015W	1	0	0	0	0	0	0	0	0	0	1	1	
YBL021C	1	0	0	0	0	0	0	0	1	1	1	1	
YBL022C	1	1	0	0	0	0	0	0	0	1	1	1	
YBL023C	0	0	0	0	0	0	0	1	1	1	0	0	
YBL026W	0	0	0	0	1	1	0	0	1	1	1	1	
YBL029W	0	0	0	0	0	0	0	1	1	1	1	1	
YBL030C	1	1	0	0	0	0	0	0	0	0	1	1	
YBL032W	1	1	1	0	0	0	0	0	0	1	1	1	
YBL033C	0	1	1	1	1	1	1	1	0	0	0	0	
YBL034C	1	0	0	0	0	0	0	0	1	1	1	1	
YBL035C	0	0	0	0	0	0	0	0	1	1	1	1	
YBL036C	0	0	0	0	0	1	1	1	1	0	0	0	
YBL037W	1	1	1	0	0	0	0	0	0	1	1	1	
YBL038W	1	0	0	0	0	0	0	0	0	1	1	1	
YBL041W	0	1	1	1	1	1	1	0	0	0	0	0	
YBL043W	1	0	0	0	0	0	0	0	1	1	1	1	
YBL045C	1	1	1	1	0	0	0	0	0	0	1	1	
YBL047C	1	1	1	1	1	1	1	0	0	0	0	0	
YBL049W	0	0	1	1	1	1	1	1	0	0	0	0	
YBL052C	1	0	0	0	0	0	0	0	0	1	1	1	
YBL058W	0	1	1	1	1	1	1	0	0	0	0	0	
YBL059W	1	0	0	0	0	0	0	0	1	1	1	1	
YBL061C	0	0	0	0	0	0	0	1	1	1	1	1	
YBL064C	0	1	1	1	1	1	1	0	0	0	0	0	
YBL066C	1	1	0	0	0	0	0	0	1	1	1	1	
YBL067C	0	1	1	1	1	1	1	0	0	0	0	0	
YBL068W	0	0	0	0	0	0	0	1	1	0	0	1	
YBL075C	0	0	0	1	1	1	1	0	0	0	0	0	
YBL076C	0	0	0	0	0	0	0	1	1	1	0	1	
YBL078C	0	0	1	1	1	1	1	0	0	0	0	0	
YBL080C	1	1	1	0	0	0	0	0	0	1	1	1	
YBL082C	1	0	0	0	0	0	0	1	1	1	1	1	
YBL084C	0	1	1	1	1	1	1	0	1	0	0	0	
YBL089W	0	1	1	0	0	0	1	0	1	1	0	0	
YBL090W	1	1	0	0	0	0	0	0	1	1	1	1	
YBL093C	0	0	0	0	0	0	1	1	1	0	0	0	
YBL095W	1	1	1	0	0	0	0	0	0	0	0	0	
YBL099W	1	1	1	0	0	0	0	0	0	0	1	0	
YBL101C	0	1	1	1	1	1	1	0	0	0	0	0	
YBL102W	0	1	1	1	1	1	1	0	0	0	0	0	
YBL103C	0	0	1	0	1	1	1	1	1	0	0	0	
YBL106C	0	1	1	1	1	1	1	0	0	0	0	0	
YBL107C	1	0	0	0	0	0	0	0	0	1	1	1	
YBL112C	1	0	0	0	0	0	0	0	1	1	1	1	
YBR001C	1	1	1	1	1	1	0	0	0	0	0	0	
YBR003W	1	0	0	0	0	0	0	0	0	1	1	1	
YBR006W	1	1	1	1	1	1	1	0	0	0	0	0	
YBR008C	0	0	0	0	0	1	1	1	0	0	0	0	
YBR015C	0	0	0	0	0	0	0	1	1	1	0	1	
YBR018C	0	1	1	1	1	1	1	0	0	0	0	0	
YBR024W	1	1	1	1	0	0	0	0	0	0	0	1	
YBR025C	0	0	0	0	0	0	0	1	1	1	0	0	
YBR029C	0	0	1	0	0	0	0	0	0	0	1	1	
YBR034C	0	0	0	0	0	0	0	1	1	0	0	0	
YBR036C	1	1	1	1	1	0	0	0	0	0	0	0	
YBR037C	1	1	0	0	0	0	0	0	0	1	1	1	
YBR038W	1	1	1	1	0	0	0	0	0	0	0	1	
YBR039W	1	1	1	0	0	0	0	0	0	0	1	0	
YBR043C	0	1	1	1	1	1	1	0	0	0	0	0	
YBR044C	1	1	0	0	0	0	0	0	0	1	1	1	
YBR045C	0	1	1	1	1	1	1	0	0	0	0	0	
YBR052C	1	1	1	1	1	0	0	0	0	1	0	0	
YBR054W	0	0	0	1	1	1	1	1	0	0	0	0	
YBR057C	0	1	1	1	1	1	0	1	0	0	0	0	
YBR059C	0	1	1	1	1	1	1	0	0	0	0	0	
YBR060C	0	0	0	0	0	0	0	1	1	1	1	1	
YBR064W	0	1	1	1	1	1	1	1	1	0	0	0	
YBR065C	0	0	1	0	0	0	1	1	0	0	0	0	
YBR066C	1	0	0	0	0	0	0	1	1	1	1	1	
YBR067C	0	1	1	1	1	0	1	0	0	0	0	0	
YBR068C	1	1	1	0	0	0	0	1	0	0	0	0	
YBR069C	1	0	1	0	0	0	0	1	1	0	0	0	
YBR070C	1	1	1	0	0	0	0	0	1	1	1	1	
YBR072W	0	1	1	1	1	1	1	0	0	0	0	0	
YBR073W	1	1	0	0	0	0	0	0	0	1	1	1	
YBR074W	0	0	0	0	0	0	0	1	1	1	0	1	
YBR077C	0	1	1	1	1	1	1	0	0	0	0	0	
YBR078W	1	0	0	0	0	0	0	0	1	1	1	1	
YBR079C	0	0	0	0	0	0	0	1	1	1	0	0	
YBR080C	0	0	0	0	0	0	0	0	1	1	1	1	
YBR082C	0	0	0	0	0	0	0	1	1	1	0	0	
YBR083W	1	1	1	0	0	0	0	0	1	0	0	0	
YBR085W	0	0	0	0	0	0	0	1	1	0	1	1	
YBR087W	0	0	0	0	0	0	0	1	1	1	1	1	
YBR088C	0	0	0	0	0	0	0	0	1	1	1	1	
YBR090C	0	1	1	1	1	0	0	0	0	0	0	0	
YBR091C	1	0	0	0	0	0	0	0	1	1	1	1	
YBR094W	0	0	1	1	1	1	1	0	0	0	0	0	
YBR101C	0	0	0	1	1	1	1	0	0	0	0	0	
YBR103W	1	1	1	0	1	0	1	0	0	0	1	1	
YBR105C	0	0	0	0	0	0	1	1	0	0	0	0	
YBR106W	0	0	0	0	0	0	0	1	1	1	0	0	
YBR108W	1	1	1	1	1	1	1	0	0	0	0	0	
YBR109C	0	1	0	1	1	1	0	0	0	0	0	0	
YBR115C	0	0	0	0	0	0	1	1	1	0	0	0	
YBR117C	0	0	1	1	1	1	1	0	0	0	0	0	
YBR119W	0	0	1	1	1	1	1	0	1	0	0	0	
YBR120C	1	0	0	0	0	0	0	0	0	1	1	1	
YBR121C	0	0	0	0	0	0	0	1	1	1	1	1	
YBR122C	1	0	0	0	0	0	0	0	0	1	1	1	
YBR123C	1	1	1	1	0	0	0	0	0	1	1	1	
YBR125C	0	0	0	0	0	0	0	1	1	1	1	1	
YBR126C	0	1	1	1	0	0	0	0	0	0	0	0	
YBR128C	0	1	1	1	1	1	1	0	0	0	0	0	
YBR130C	1	1	0	0	0	0	0	1	1	1	1	1	
YBR133C	1	1	1	0	0	0	0	0	1	0	1	1	
YBR136W	0	1	1	1	1	1	1	0	0	0	0	0	
YBR137W	1	1	1	1	1	1	0	0	0	0	0	0	
YBR138C	1	1	1	1	0	0	0	0	0	0	0	0	
YBR139W	0	1	1	1	1	1	1	0	0	0	0	0	
YBR143C	0	0	0	0	0	0	0	1	1	0	0	0	
YBR146W	1	1	0	0	0	0	0	0	0	1	1	1	
YBR149W	0	1	1	1	1	1	0	0	0	0	0	0	
YBR155W	0	0	0	0	0	0	1	1	1	0	0	0	
YBR156C	1	1	0	0	0	0	0	0	0	1	1	1	
YBR158W	0	0	1	1	1	1	0	0	0	0	0	0	
YBR159W	1	1	1	0	0	0	0	0	0	1	1	1	
YBR160W	0	1	0	0	0	0	0	1	1	1	1	0	
YBR161W	0	0	1	1	1	1	1	0	0	0	0	0	
YBR162C	1	0	1	1	0	0	0	0	0	0	1	1	
YBR162W-A	1	0	0	0	0	0	0	1	1	1	1	1	
YBR167C	1	1	1	1	0	1	0	0	0	0	0	0	
YBR169C	0	0	0	1	1	1	1	0	0	0	0	0	
YBR172C	0	0	0	0	0	0	0	1	1	1	1	1	
YBR183W	0	1	1	1	1	1	0	0	0	0	0	0	
YBR187W	0	0	0	0	0	0	0	1	1	1	1	1	
YBR188C	0	0	1	0	0	1	1	1	0	1	0	0	
YBR192W	0	0	0	0	0	0	0	1	1	1	1	1	
YBR195C	0	0	1	0	0	0	1	1	1	0	1	1	
YBR196C	1	0	0	0	1	1	1	0	0	0	0	0	
YBR197C	0	0	0	0	1	1	1	1	0	0	0	0	
YBR202W	0	0	1	0	0	0	0	1	1	1	0	0	
YBR203W	1	1	1	1	1	1	0	0	0	0	0	0	
YBR205W	1	0	0	0	0	0	0	0	1	1	1	1	
YBR208C	0	0	0	0	0	0	0	1	1	0	0	0	
YBR211C	0	1	0	0	0	1	0	0	1	1	0	1	
YBR213W	0	0	0	0	0	0	0	1	1	1	1	1	
YBR214W	0	1	1	1	1	1	0	0	0	0	0	0	
YBR217W	0	0	1	1	1	1	1	0	0	0	0	0	
YBR221C	0	1	1	1	0	1	0	0	0	0	0	0	
YBR223C	1	0	1	1	1	1	1	0	0	0	0	0	
YBR225W	0	1	1	1	1	1	1	0	0	0	0	0	
YBR227C	0	0	0	0	0	1	1	1	1	0	1	1	
YBR229C	0	0	1	1	1	1	1	1	0	0	0	0	
YBR230C	0	1	1	1	1	0	0	0	0	0	0	0	
YBR231C	0	0	1	1	1	1	1	1	1	0	0	0	
YBR234C	1	1	1	1	0	0	0	0	1	0	0	0	
YBR243C	1	0	0	0	0	0	0	0	1	1	1	1	
YBR245C	1	0	0	0	0	0	0	1	1	1	0	1	
YBR249C	0	0	0	0	0	1	1	1	1	0	0	0	
YBR251W	1	0	0	0	0	0	0	0	0	1	1	1	
YBR252W	0	0	0	0	0	0	0	1	1	1	1	1	
YBR261C	0	0	0	0	0	0	0	1	1	1	1	1	
YBR270C	0	1	1	1	1	1	1	0	0	0	0	0	
YBR273C	0	1	1	1	1	1	1	0	1	0	0	0	
YBR274W	0	1	1	1	1	1	0	0	1	0	0	0	
YBR275C	1	0	0	0	0	0	0	0	1	1	1	1	
YBR278W	0	1	1	1	1	1	1	0	0	0	0	0	
YBR280C	0	1	1	1	1	1	1	0	0	0	0	0	
YBR281C	0	0	0	0	0	0	0	0	1	1	0	1	
YBR282W	1	0	0	0	0	0	0	0	0	1	1	1	
YBR285W	1	1	1	1	0	1	0	0	0	0	0	0	
YBR286W	0	1	1	1	1	1	1	0	0	0	0	0	
YBR289W	0	1	1	1	1	1	1	0	0	0	0	0	
YBR291C	0	0	0	0	0	0	0	1	1	0	0	0	
YBR298C	0	1	1	1	1	0	0	0	0	0	0	0	
YCL014W	1	1	1	0	0	0	0	0	0	0	1	1	
YCL016C	0	0	1	0	0	0	1	1	1	1	0	0	
YCL017C	1	0	0	0	0	0	0	1	1	1	1	1	
YCL018W	1	0	0	0	0	0	0	1	1	1	1	1	
YCL024W	0	0	0	0	0	0	0	0	1	1	1	0	
YCL025C	0	0	0	0	0	0	0	1	1	0	0	0	
YCL026C-A	0	0	0	0	0	0	0	1	1	1	1	0	
YCL027W	0	1	1	1	0	1	1	0	0	0	0	0	
YCL030C	0	0	0	0	0	0	1	0	1	1	1	1	
YCL035C	0	1	1	1	1	1	0	0	0	0	0	0	
YCL036W	0	0	0	0	0	0	0	1	1	0	0	0	
YCL039W	0	1	1	1	1	1	1	0	0	0	0	0	
YCL040W	0	1	1	1	1	0	0	0	0	0	0	0	
YCL042W	0	1	1	1	1	0	0	0	0	0	0	0	
YCL050C	0	0	0	1	1	1	1	1	1	1	0	0	
YCL052C	0	1	1	1	1	0	1	0	0	0	0	0	
YCL055W	0	1	1	1	1	1	0	0	1	0	0	0	
YCL061C	0	0	0	0	0	0	0	0	0	1	1	1	
YCL063W	1	1	1	0	0	0	0	0	0	0	1	1	
YCL064C	1	1	0	0	0	1	1	0	1	1	1	1	
YCR002C	1	0	0	0	0	0	0	0	1	1	1	1	
YCR003W	1	0	0	0	0	0	0	0	0	1	1	1	
YCR004C	0	1	1	1	1	0	1	0	0	0	0	0	
YCR005C	1	1	0	0	0	0	0	0	0	1	1	1	
YCR008W	0	0	0	0	0	0	0	1	1	1	1	1	
YCR010C	0	1	1	1	1	1	0	0	0	0	0	0	
YCR012W	0	0	1	1	1	1	0	0	0	0	0	0	
YCR014C	0	1	1	1	1	1	0	0	0	0	0	0	
YCR020C-A	0	0	0	0	1	1	1	1	0	0	0	1	
YCR021C	0	0	0	0	1	1	1	1	0	0	0	0	
YCR023C	1	1	1	0	1	0	1	0	0	0	1	0	
YCR024C	1	1	0	0	0	0	0	0	1	1	1	1	
YCR024C-A	0	1	1	1	1	1	1	1	0	0	0	0	
YCR028C-A	1	1	0	0	0	0	0	0	0	0	1	1	
YCR030C	1	1	1	1	1	1	1	0	0	0	0	0	
YCR034W	0	0	0	0	0	0	0	1	1	1	1	1	
YCR038C	1	1	1	1	1	1	1	0	0	0	0	0	
YCR044C	1	0	1	0	0	0	0	1	1	1	1	1	
YCR046C	1	0	0	0	0	0	0	0	0	1	1	1	
YCR048W	0	0	1	1	1	1	1	1	0	0	0	0	
YCR054C	0	0	1	1	1	1	0	1	0	0	0	1	
YCR059C	1	0	0	0	0	0	1	1	1	1	1	1	
YCR061W	0	1	1	1	1	1	1	0	0	0	0	0	
YCR065W	0	1	0	0	0	0	0	0	1	1	1	1	
YCR067C	1	1	0	0	0	0	0	0	0	1	1	1	
YCR071C	1	1	0	0	0	0	0	0	0	1	1	1	
YCR073C	1	0	1	1	1	1	1	0	0	0	1	1	
YCR076C	0	1	1	1	1	1	1	0	0	0	0	0	
YCR079W	1	1	1	1	1	1	0	0	0	0	0	0	
YCR086W	0	0	0	0	0	0	0	0	0	1	1	1	
YCR088W	1	1	1	1	0	0	0	0	0	0	0	0	
YCR092C	1	0	0	0	0	0	0	0	1	1	1	1	
YCR093W	1	1	1	1	1	1	0	0	0	0	0	0	
YCR098C	1	0	0	0	0	0	0	0	0	1	1	1	
YCR099C	1	1	1	1	1	1	1	0	0	0	0	0	
YCR106W	1	1	1	1	0	0	1	0	0	0	0	0	
YDL003W	0	0	0	0	0	0	0	0	0	1	1	1	
YDL004W	1	0	0	0	0	0	0	0	0	1	1	1	
YDL005C	0	1	1	1	1	0	0	0	1	0	0	0	
YDL007W	0	1	1	1	1	1	0	0	0	0	0	0	
YDL012C	1	0	1	0	0	0	0	0	1	1	1	1	
YDL014W	0	0	0	0	0	0	0	1	1	0	0	0	
YDL017W	1	0	0	0	0	0	0	0	1	1	1	1	
YDL020C	0	0	1	1	1	1	1	0	0	0	0	0	
YDL025C	0	0	1	0	1	1	1	0	0	0	0	0	
YDL029W	1	1	1	1	1	1	0	0	0	0	0	0	
YDL036C	0	0	0	0	0	0	0	1	1	0	0	0	
YDL040C	1	1	0	0	0	0	0	0	1	1	1	1	
YDL044C	1	0	0	0	0	0	0	0	1	1	1	1	
YDL045C	1	1	1	1	0	0	0	0	0	0	0	0	
YDL045W-A	1	0	0	0	0	0	0	0	0	1	1	1	
YDL049C	1	1	1	1	0	0	0	0	0	0	0	1	
YDL051W	0	0	0	0	0	0	0	1	1	0	0	1	
YDL052C	1	0	0	0	0	0	0	0	1	1	1	1	
YDL054C	0	1	1	1	1	1	1	0	0	0	0	0	
YDL055C	0	0	1	1	0	0	0	0	0	1	1	0	
YDL059C	1	0	0	0	0	0	0	1	1	1	1	1	
YDL066W	1	1	0	0	0	0	0	0	0	1	1	1	
YDL070W	0	1	1	1	1	1	1	0	0	0	0	0	
YDL071C	0	1	1	1	1	1	0	0	0	0	0	0	
YDL072C	0	1	1	1	1	1	1	0	0	0	0	0	
YDL076C	1	1	1	1	0	1	0	0	0	0	0	0	
YDL077C	1	1	0	0	0	0	0	0	0	1	1	1	
YDL080C	0	0	0	0	0	0	0	0	1	1	1	1	
YDL081C	0	0	0	0	0	0	0	1	1	0	0	0	
YDL087C	1	0	0	0	0	0	1	1	1	0	0	0	
YDL089W	1	1	1	1	0	0	0	0	1	1	0	0	
YDL093W	0	1	0	0	0	0	0	0	1	1	1	1	
YDL095W	1	0	0	0	0	0	0	0	1	1	1	1	
YDL100C	1	1	1	1	1	0	0	0	0	0	0	0	
YDL101C	1	0	1	0	0	0	0	0	0	1	1	1	
YDL106C	1	1	1	1	1	0	0	0	0	0	0	0	
YDL110C	0	1	1	1	0	0	0	0	0	0	0	0	
YDL111C	0	0	0	0	0	0	0	1	1	0	0	0	
YDL123W	0	1	1	1	1	1	1	0	0	0	0	0	
YDL124W	0	1	1	1	1	1	1	0	0	0	0	0	
YDL127W	0	1	1	0	0	0	0	0	1	1	1	0	
YDL129W	0	1	1	1	1	1	1	1	1	0	0	0	
YDL130W	0	0	0	0	0	0	0	1	1	1	1	0	
YDL131W	0	0	0	0	0	0	0	1	1	1	1	0	
YDL132W	0	1	1	1	1	1	1	0	0	0	0	0	
YDL134C	0	1	1	1	1	0	0	0	0	0	0	0	
YDL135C	1	1	0	0	0	0	0	0	0	1	1	1	
YDL137W	1	1	1	0	1	0	0	0	0	0	0	0	
YDL138W	1	1	0	0	0	0	0	1	0	0	0	0	
YDL145C	1	0	0	0	0	0	0	0	1	1	1	1	
YDL147W	0	1	1	1	0	1	0	0	0	0	0	0	
YDL149W	0	0	1	1	1	1	1	0	0	0	0	0	
YDL156W	0	0	0	0	0	0	0	1	1	1	1	1	
YDL160C	1	1	1	1	0	0	0	0	0	0	0	0	
YDL164C	1	0	0	0	0	0	0	0	1	1	1	1	
YDL171C	1	1	1	1	0	0	0	0	1	0	0	0	
YDL178W	1	0	0	0	0	0	0	0	1	1	1	1	
YDL179W	0	1	1	1	1	0	0	0	0	0	0	0	
YDL180W	0	0	0	0	0	0	0	0	1	1	1	1	
YDL181W	1	1	1	1	0	0	0	0	0	0	0	0	
YDL188C	0	1	1	1	1	1	1	0	0	0	0	0	
YDL192W	1	0	0	0	0	0	0	1	1	1	1	1	
YDL193W	0	1	1	1	1	1	1	0	0	0	0	0	
YDL198C	1	0	0	0	0	0	0	0	1	1	1	1	
YDL199C	0	1	1	1	1	1	1	0	0	0	0	0	
YDL202W	1	0	0	0	0	0	0	0	0	1	1	1	
YDL204W	0	0	1	1	1	1	1	0	0	0	0	0	
YDL206W	0	1	1	1	1	1	0	0	0	0	0	0	
YDL208W	0	0	0	0	0	0	0	1	1	0	0	0	
YDL209C	0	0	0	0	1	0	1	1	1	0	1	0	
YDL210W	0	0	0	0	0	0	0	1	1	0	0	0	
YDL211C	0	0	0	0	0	0	0	0	1	1	1	1	
YDL213C	0	0	0	0	0	0	0	1	1	0	0	0	
YDL214C	0	1	1	1	1	1	0	0	0	0	0	0	
YDL215C	0	1	1	1	1	1	0	0	0	0	0	0	
YDL216C	0	0	1	1	1	1	1	0	0	0	0	0	
YDL218W	0	1	1	1	1	1	1	1	0	0	0	0	
YDL225W	1	1	0	0	0	0	0	0	1	1	1	1	
YDL232W	1	1	1	0	0	0	0	0	0	1	1	1	
YDL233W	1	1	1	1	1	0	0	0	0	0	0	0	
YDL236W	1	0	0	0	0	0	0	1	1	1	1	1	
YDL239C	1	1	1	1	1	1	0	0	0	0	0	0	
YDL240W	1	0	1	1	0	0	0	0	0	0	1	1	
YDL243C	1	1	0	0	0	0	0	0	0	1	1	1	
YDR001C	0	1	1	1	1	1	1	1	0	0	0	0	
YDR002W	0	0	0	0	0	0	0	1	1	0	0	0	
YDR006C	0	1	1	1	1	1	1	1	1	0	0	0	
YDR007W	1	1	1	1	1	0	0	1	0	0	0	0	
YDR009W	1	0	1	1	0	0	0	0	0	1	1	1	
YDR016C	1	1	1	1	0	1	0	0	0	0	0	1	
YDR018C	0	1	1	1	1	1	0	0	0	0	0	0	
YDR022C	0	1	1	1	1	1	1	0	0	0	0	0	
YDR023W	0	0	0	0	0	0	0	0	1	1	1	1	
YDR028C	1	1	0	0	0	0	0	0	1	1	1	1	
YDR030C	0	1	1	1	1	1	1	0	0	0	0	0	
YDR032C	0	1	1	1	1	0	0	0	0	0	0	0	
YDR036C	1	1	1	0	0	0	0	0	0	0	1	1	
YDR037W	0	0	0	0	0	0	0	1	1	0	0	0	
YDR038C	1	0	0	0	0	0	1	0	1	1	0	0	
YDR041W	1	0	0	0	0	0	0	0	1	1	1	1	
YDR044W	0	0	0	0	0	0	0	0	1	1	1	1	
YDR052C	0	1	1	0	0	0	0	1	1	1	1	0	
YDR061W	1	1	0	0	0	0	0	0	0	1	1	1	
YDR063W	1	1	1	1	1	0	0	0	0	0	0	0	
YDR066C	1	0	0	0	0	0	0	1	1	1	1	1	
YDR068W	1	1	0	0	0	0	0	0	1	1	1	1	
YDR070C	0	1	1	1	1	1	1	0	0	0	0	0	
YDR073W	1	1	1	1	1	1	0	0	0	0	0	0	
YDR074W	0	1	1	1	1	1	0	0	0	0	0	0	
YDR075W	0	0	0	0	0	0	0	1	1	0	0	0	
YDR077W	0	1	1	1	0	1	0	0	0	0	0	0	
YDR084C	1	1	1	1	0	0	0	0	0	1	0	1	
YDR085C	0	1	1	1	1	1	1	0	0	0	0	0	
YDR091C	0	0	0	0	0	0	0	1	1	0	0	0	
YDR093W	1	0	0	0	0	0	0	0	1	1	1	1	
YDR097C	1	0	0	0	0	0	0	0	1	1	1	1	
YDR098C	0	0	0	0	0	0	0	1	1	1	1	1	
YDR099W	0	1	1	1	1	1	0	0	0	0	0	0	
YDR100W	0	1	1	1	1	1	0	0	0	0	0	0	
YDR106W	1	1	1	1	1	1	1	0	1	0	0	0	
YDR111C	0	1	1	1	1	1	1	0	0	0	0	0	
YDR113C	0	0	0	0	0	0	0	0	1	1	1	1	
YDR115W	1	0	0	0	0	0	0	0	0	1	1	1	
YDR116C	1	0	0	0	0	0	0	0	1	1	1	1	
YDR118W	0	1	1	1	1	1	1	0	0	0	0	0	
YDR121W	0	0	0	0	0	0	0	1	1	1	1	1	
YDR122W	1	1	1	1	1	1	1	0	0	0	0	0	
YDR123C	0	0	0	0	0	0	1	1	1	1	1	1	
YDR128W	1	1	1	1	1	1	1	0	0	0	0	0	
YDR129C	1	1	1	1	1	1	0	0	0	0	0	0	
YDR130C	1	1	1	0	0	0	0	0	0	0	1	1	
YDR133C	0	1	1	1	0	0	0	0	0	0	0	0	
YDR135C	1	0	0	0	0	0	1	1	1	1	1	1	
YDR142C	0	1	1	1	1	1	0	0	0	0	0	0	
YDR146C	1	1	1	1	0	0	0	0	0	0	0	1	
YDR148C	1	1	0	0	0	0	0	0	0	1	1	1	
YDR150W	1	1	1	1	0	1	0	0	0	0	0	0	
YDR151C	0	0	0	0	0	1	1	1	1	0	0	0	
YDR152W	0	0	0	0	0	0	0	1	1	1	1	1	
YDR155C	0	1	1	1	1	1	1	0	0	0	0	0	
YDR158W	1	0	0	0	0	1	1	1	1	1	1	1	
YDR166C	0	1	1	1	1	1	1	0	0	0	0	0	
YDR167W	1	0	0	0	0	0	0	1	1	1	0	1	
YDR170C	1	0	0	0	0	0	0	0	1	1	0	1	
YDR171W	0	1	1	1	1	1	1	0	0	0	0	0	
YDR173C	0	1	1	1	1	1	0	0	0	0	0	0	
YDR175C	1	0	0	0	0	0	0	0	0	1	1	1	
YDR178W	1	1	1	0	0	0	0	0	0	0	1	1	
YDR181C	1	1	1	1	0	1	0	0	0	0	0	1	
YDR183W	1	0	0	0	0	0	0	0	0	1	1	1	
YDR184C	0	0	0	0	0	0	0	1	1	0	0	0	
YDR192C	0	1	1	1	1	0	1	0	1	0	0	0	
YDR194C	1	0	0	0	0	0	0	0	0	1	1	1	
YDR196C	0	1	1	1	1	1	1	0	0	0	0	0	
YDR201W	0	1	1	0	0	0	0	0	1	1	1	1	
YDR207C	0	0	1	1	0	1	1	1	1	0	0	0	
YDR211W	1	0	0	0	0	0	0	1	1	1	1	1	
YDR214W	0	0	0	1	1	1	1	0	0	0	0	0	
YDR216W	1	1	1	1	1	0	0	0	0	0	0	1	
YDR218C	0	1	1	1	1	1	1	0	0	0	0	0	
YDR221W	0	0	1	1	1	1	1	1	0	0	1	0	
YDR223W	0	1	1	1	1	1	1	0	0	0	0	0	
YDR224C	0	1	0	0	0	0	0	0	0	1	1	1	
YDR226W	1	0	0	0	0	0	0	0	1	1	1	1	
YDR229W	1	1	1	1	1	0	1	0	0	0	0	0	
YDR231C	0	1	1	1	1	0	0	0	0	0	0	0	
YDR235W	1	0	0	0	0	0	0	1	1	1	1	1	
YDR237W	1	0	0	0	0	0	0	0	1	1	1	1	
YDR243C	1	0	0	0	0	0	1	1	0	0	0	1	
YDR244W	1	1	1	1	0	1	0	0	0	0	0	0	
YDR247W	0	1	1	1	1	1	1	0	0	0	0	0	
YDR251W	1	1	1	0	0	0	0	0	1	1	0	0	
YDR253C	0	0	0	0	0	0	0	1	1	1	1	1	
YDR255C	0	1	1	1	1	1	1	0	0	0	0	0	
YDR256C	0	1	1	1	1	0	0	0	0	0	0	0	
YDR260C	0	0	1	1	1	1	1	1	1	0	0	0	
YDR266C	0	0	0	0	0	0	0	1	1	1	0	0	
YDR267C	1	0	0	0	0	0	0	1	1	1	1	1	
YDR268W	1	1	0	0	0	0	0	0	1	1	1	1	
YDR276C	0	1	1	1	1	1	0	0	0	0	0	0	
YDR279W	1	0	0	0	0	0	0	0	1	1	1	1	
YDR281C	0	0	0	0	0	0	0	1	1	1	1	1	
YDR283C	1	1	1	1	1	1	0	0	0	0	0	1	
YDR285W	0	1	1	1	1	1	1	0	0	0	0	0	
YDR292C	1	0	0	0	0	0	0	1	1	1	1	1	
YDR293C	0	1	1	1	1	1	0	0	0	0	0	0	
YDR296W	1	0	0	0	0	0	0	0	0	1	1	1	
YDR297W	0	0	0	0	0	0	0	1	1	1	1	1	
YDR298C	1	1	0	0	0	0	0	0	1	1	0	1	
YDR300C	0	0	0	0	0	0	0	1	1	1	1	1	
YDR306C	1	1	1	1	1	1	1	0	0	0	0	0	
YDR309C	0	0	0	0	0	0	0	0	1	1	1	1	
YDR310C	0	0	0	0	1	1	1	1	1	0	0	0	
YDR311W	0	0	1	1	1	1	1	1	0	1	0	0	
YDR313C	0	1	1	1	1	1	1	0	0	0	0	0	
YDR316W	1	0	0	0	0	0	0	0	0	1	1	1	
YDR319C	1	1	1	1	1	1	1	0	0	0	0	0	
YDR320C	1	1	1	1	1	1	1	0	0	0	0	0	
YDR321W	0	0	0	0	0	0	0	1	1	0	0	0	
YDR322C-A	1	0	0	0	0	0	0	0	0	1	1	1	
YDR322W	1	0	0	0	0	0	0	0	0	1	1	1	
YDR323C	0	1	1	1	1	1	1	0	0	0	0	0	
YDR328C	0	1	1	1	1	1	1	0	0	0	0	0	
YDR329C	1	1	1	1	1	1	1	0	0	0	0	0	
YDR330W	0	1	1	1	1	1	1	0	0	0	0	0	
YDR331W	0	0	0	0	0	0	0	1	1	1	1	1	
YDR333C	0	0	1	0	0	1	0	0	1	1	0	0	
YDR337W	1	0	0	0	0	0	0	0	0	1	1	1	
YDR341C	0	0	0	0	0	0	0	1	1	0	0	0	
YDR342C	1	1	1	1	0	0	0	0	0	0	0	0	
YDR343C	0	1	1	1	1	0	0	0	0	0	0	0	
YDR347W	1	0	0	0	0	0	0	0	0	1	1	1	
YDR348C	1	0	0	0	0	0	0	1	1	1	1	1	
YDR350C	1	1	1	1	1	0	1	0	0	0	0	0	
YDR353W	1	0	0	0	0	0	0	1	1	1	1	1	
YDR356W	1	1	1	0	0	0	0	0	0	1	1	1	
YDR357C	0	1	1	1	1	1	0	0	0	0	0	0	
YDR359C	0	1	1	1	1	1	1	0	0	0	0	0	
YDR362C	0	0	0	0	0	0	0	0	1	1	1	1	
YDR368W	0	1	1	1	1	1	1	0	0	0	0	0	
YDR376W	1	0	0	0	0	0	0	0	1	1	1	1	
YDR377W	1	1	1	1	0	0	0	0	0	1	0	1	
YDR380W	1	1	1	1	1	1	0	0	0	0	0	0	
YDR381W	1	1	1	1	1	0	0	0	0	0	0	0	
YDR382W	0	0	0	0	0	0	0	1	1	1	1	0	
YDR383C	0	1	1	0	0	1	0	0	0	1	0	0	
YDR384C	0	1	1	1	1	1	0	0	0	0	0	0	
YDR388W	1	1	1	1	1	0	1	0	0	0	0	0	
YDR389W	1	1	1	0	0	0	0	0	0	0	1	1	
YDR395W	0	0	0	0	0	0	0	1	1	1	0	1	
YDR399W	0	0	0	0	0	0	0	1	1	0	0	1	
YDR400W	1	0	0	0	0	0	0	0	1	1	1	1	
YDR405W	1	1	0	0	0	0	0	0	0	1	1	1	
YDR409W	1	1	1	1	1	1	0	0	0	0	0	0	
YDR410C	0	0	0	0	0	1	0	1	1	1	0	0	
YDR414C	1	0	0	0	0	0	0	0	1	1	1	1	
YDR415C	1	0	0	0	0	0	0	1	1	1	1	0	
YDR424C	0	1	1	1	1	1	0	0	0	0	0	0	
YDR425W	1	1	1	1	1	1	1	0	0	0	0	0	
YDR428C	0	0	0	0	0	0	0	1	1	1	1	1	
YDR429C	0	0	0	0	0	0	0	1	1	1	0	0	
YDR430C	1	1	0	0	0	0	0	0	0	1	1	1	
YDR432W	0	0	0	0	0	0	0	1	1	1	0	0	
YDR433W	0	0	0	0	0	0	0	1	1	1	0	0	
YDR436W	0	1	1	1	1	1	0	0	0	0	0	0	
YDR439W	0	0	0	0	0	0	0	1	1	1	0	0	
YDR440W	1	0	0	0	0	0	0	0	1	1	1	1	
YDR441C	0	0	0	0	0	0	0	1	1	1	1	1	
YDR444W	1	1	0	0	0	0	0	0	1	1	1	1	
YDR452W	1	1	1	1	1	1	0	0	0	0	0	0	
YDR453C	1	1	1	1	1	1	1	0	0	0	0	0	
YDR460W	1	0	0	0	1	0	0	1	1	1	0	0	
YDR462W	1	1	0	0	0	0	0	0	1	1	1	1	
YDR463W	0	0	1	1	0	1	1	1	1	0	0	0	
YDR465C	0	0	0	0	0	0	0	1	1	0	0	0	
YDR477W	1	1	1	1	1	1	0	0	0	0	0	0	
YDR479C	1	1	1	1	1	1	0	0	0	0	0	0	
YDR480W	1	1	0	0	0	0	0	0	0	1	1	1	
YDR482C	1	0	0	0	0	0	0	1	1	0	0	0	
YDR483W	0	0	0	0	0	0	0	1	1	1	0	0	
YDR484W	1	1	1	0	0	0	0	0	1	1	1	1	
YDR485C	0	0	1	1	1	1	1	1	1	0	0	0	
YDR487C	1	0	0	0	0	0	0	1	0	0	1	1	
YDR488C	1	1	0	0	0	0	0	1	0	1	1	1	
YDR489W	0	0	0	0	0	0	0	1	1	1	1	0	
YDR490C	0	1	1	1	1	1	0	0	0	0	0	0	
YDR492W	0	1	1	0	1	1	1	1	1	1	0	0	
YDR497C	1	1	1	1	0	0	0	0	0	0	0	1	
YDR500C	0	0	0	0	0	0	0	1	1	1	0	0	
YDR501W	1	0	0	0	0	0	0	0	0	1	1	1	
YDR502C	1	0	0	0	0	0	0	0	1	0	1	1	
YDR503C	0	0	0	0	0	0	0	0	1	1	1	0	
YDR506C	1	0	1	1	1	1	1	1	0	0	0	0	
YDR507C	0	0	0	0	0	0	0	0	1	1	1	1	
YDR510W	1	1	1	0	0	0	0	0	0	1	1	1	
YDR513W	0	1	1	1	1	1	1	0	0	0	0	0	
YDR514C	0	0	0	0	0	0	0	1	1	0	1	1	
YDR515W	1	0	0	0	0	0	0	0	0	1	1	1	
YDR516C	1	1	0	0	0	0	0	0	0	1	0	1	
YDR523C	0	0	0	0	0	0	0	0	1	1	1	1	
YDR524C	0	0	0	0	0	0	0	0	1	1	1	1	
YDR527W	0	0	0	0	0	0	1	1	1	0	0	1	
YDR528W	0	0	0	0	0	0	0	0	1	1	1	1	
YDR529C	1	1	1	0	0	0	0	0	0	0	0	1	
YDR530C	1	1	0	0	0	0	0	0	1	1	1	1	
YDR533C	0	0	0	0	1	1	1	1	0	0	0	0	
YDR534C	1	1	1	1	1	1	0	0	0	0	0	0	
YDR538W	1	0	1	1	1	1	1	0	1	0	0	0	
YEL009C	0	1	1	1	0	1	0	0	0	0	0	0	
YEL013W	1	1	1	1	1	1	0	0	0	0	0	0	
YEL016C	1	0	0	0	0	0	0	0	0	1	1	1	
YEL017C-A	0	0	0	0	0	0	1	1	1	0	0	0	
YEL017W	1	1	1	1	0	0	0	0	0	0	1	0	
YEL019C	0	0	0	0	0	0	1	1	1	0	0	0	
YEL020W-A	1	0	0	0	0	0	0	0	0	1	1	1	
YEL026W	0	0	0	0	0	0	0	1	1	0	0	0	
YEL032W	0	0	0	0	0	0	0	1	1	1	0	0	
YEL036C	0	0	0	0	0	0	0	1	1	1	1	1	
YEL039C	0	1	1	1	1	1	1	0	0	0	0	0	
YEL041W	1	0	1	1	1	1	1	0	0	0	0	0	
YEL042W	0	0	0	0	0	0	0	1	1	1	1	1	
YEL046C	0	0	0	0	0	1	1	1	1	0	0	0	
YEL047C	1	1	1	0	0	0	0	0	0	1	1	0	
YEL055C	0	0	0	0	0	0	0	1	1	1	1	1	
YEL056W	1	0	1	0	0	0	0	0	1	1	1	1	
YEL060C	0	0	1	1	1	1	1	0	0	0	0	0	
YEL061C	1	1	1	0	0	0	0	0	0	1	1	1	
YEL063C	0	0	0	0	0	0	0	1	1	0	0	0	
YEL065W	1	0	0	0	0	0	0	0	1	0	0	1	
YEL066W	1	0	0	0	0	0	0	1	0	1	1	1	
YEL071W	1	0	0	0	0	0	0	0	1	1	1	1	
YEL072W	1	0	0	0	0	0	0	1	1	1	1	1	
YER001W	0	0	0	0	0	0	0	1	1	1	1	1	
YER002W	0	0	0	0	0	0	0	1	1	0	0	0	
YER003C	1	0	0	0	0	0	0	0	0	1	1	1	
YER004W	0	1	1	1	1	1	1	0	0	0	0	0	
YER007C-A	0	0	0	0	0	0	0	1	1	0	0	0	
YER009W	1	0	0	0	0	0	0	0	1	1	0	1	
YER010C	0	1	1	1	1	1	1	0	0	0	0	0	
YER011W	0	1	1	1	1	1	1	1	0	0	0	0	
YER015W	1	1	0	0	0	0	0	0	0	0	0	0	
YER016W	1	1	1	0	0	0	0	0	0	1	1	1	
YER017C	1	1	0	0	0	0	0	0	0	0	1	1	
YER018C	1	0	0	0	0	0	0	0	1	1	1	1	
YER019W	1	0	0	0	0	0	0	0	1	1	1	1	
YER023W	1	1	1	0	0	0	0	0	0	0	1	1	
YER025W	0	0	0	0	0	0	0	1	1	0	0	1	
YER026C	1	1	0	0	0	0	0	0	0	0	1	1	
YER028C	0	1	1	1	1	1	1	1	0	0	0	0	
YER032W	1	1	0	1	0	0	0	0	0	1	1	1	
YER037W	0	0	0	1	1	1	1	1	0	0	0	0	
YER040W	0	0	1	0	1	1	1	0	0	0	0	1	
YER043C	1	0	0	0	0	0	0	0	1	0	1	1	
YER044C	1	1	0	1	1	1	0	0	0	0	0	0	
YER045C	0	0	0	0	0	0	0	1	1	1	0	0	
YER048C	1	1	1	0	0	0	0	0	0	0	0	0	
YER052C	0	0	0	0	0	1	1	1	1	1	1	1	
YER053C	1	1	0	0	0	0	0	0	0	0	0	0	
YER054C	0	1	1	1	1	1	1	0	0	0	0	0	
YER056C	0	0	0	0	0	0	0	1	1	0	0	0	
YER062C	0	0	0	0	0	0	0	1	0	0	0	0	
YER063W	1	0	1	0	0	0	0	0	0	1	1	1	
YER064C	0	0	0	0	0	0	1	1	1	0	1	1	
YER065C	1	1	0	0	0	0	0	0	0	0	1	0	
YER066W	1	1	1	1	1	1	1	0	1	0	0	0	
YER069W	0	0	0	0	1	1	1	0	0	0	0	0	
YER070W	0	0	0	0	0	0	0	0	1	1	1	1	
YER073W	0	0	0	0	0	1	1	1	0	0	0	0	
YER077C	1	0	0	0	0	0	0	1	0	1	1	1	
YER078C	1	1	0	0	0	0	0	0	0	1	1	1	
YER079W	1	1	1	1	1	1	1	0	0	0	0	0	
YER082C	0	0	0	0	0	0	0	1	1	0	0	0	
YER086W	0	0	0	0	0	1	0	1	1	0	0	0	
YER087W	1	1	0	0	0	0	0	0	0	1	1	1	
YER088C	1	1	1	1	1	1	0	1	0	0	0	0	
YER089C	1	0	0	0	0	0	0	1	1	1	1	1	
YER090W	0	0	0	0	1	1	1	1	0	0	0	0	
YER091C	1	0	0	0	0	0	0	1	1	1	1	1	
YER094C	0	1	1	1	1	1	1	0	0	0	0	0	
YER095W	0	1	1	1	1	1	0	0	0	1	0	0	
YER098W	1	0	0	0	0	0	0	0	1	1	1	0	
YER099C	1	1	1	1	1	1	0	1	1	0	0	0	
YER100W	1	1	1	1	1	1	0	0	0	0	0	0	
YER103W	0	0	0	1	1	1	1	0	0	0	0	0	
YER104W	1	1	1	1	0	1	1	0	0	0	0	0	
YER106W	0	0	0	1	1	1	1	1	0	1	0	0	
YER107C	1	1	1	0	0	0	0	0	1	1	1	0	
YER110C	0	0	0	0	0	0	0	1	1	0	0	1	
YER112W	0	1	1	1	0	0	0	0	1	0	0	0	
YER113C	0	1	0	0	0	0	0	1	1	1	1	1	
YER115C	0	1	1	1	1	1	1	0	0	0	0	0	
YER116C	0	1	0	1	1	1	1	1	0	0	0	0	
YER118C	0	0	0	0	0	0	0	1	1	1	1	1	
YER122C	0	0	0	0	0	0	0	1	1	1	1	1	
YER124C	0	0	1	1	1	1	0	0	0	0	0	0	
YER125W	1	1	1	1	0	1	0	0	1	1	0	0	
YER127W	0	0	0	0	0	0	0	1	1	0	0	0	
YER131W	0	0	0	0	0	0	0	1	1	1	0	1	
YER132C	1	0	0	0	0	0	1	1	1	1	0	0	
YER136W	1	1	1	1	0	1	1	0	0	0	0	0	
YER142C	1	1	1	1	1	1	1	0	0	0	0	0	
YER143W	0	1	1	1	1	1	1	0	0	0	0	0	
YER144C	0	1	1	1	1	1	1	0	0	0	0	0	
YER145C	0	0	0	0	0	0	0	0	1	1	1	1	
YER146W	0	1	0	0	0	0	0	0	1	1	1	1	
YER148W	0	0	0	0	0	0	0	1	1	0	0	0	
YER149C	0	0	0	0	0	0	0	1	1	1	1	1	
YER150W	0	1	0	1	1	1	0	0	0	0	0	0	
YER154W	1	0	0	0	0	0	0	0	1	1	1	1	
YER156C	0	0	0	0	0	0	0	1	1	0	1	1	
YER157W	1	0	0	0	0	0	0	1	1	1	1	1	
YER158C	0	0	0	0	0	0	0	1	1	1	1	0	
YER161C	1	1	1	0	0	0	0	0	1	1	0	0	
YER162C	0	1	1	1	0	1	1	1	1	0	0	0	
YER163C	1	0	0	0	0	0	0	0	1	1	1	1	
YER164W	1	1	1	0	0	0	0	0	1	0	0	0	
YER165W	0	0	0	0	0	0	0	1	1	0	0	0	
YER167W	0	0	1	1	1	1	1	1	0	0	0	0	
YER178W	0	1	1	1	1	0	0	0	0	0	0	0	
YER179W	1	1	1	1	1	0	1	0	0	0	0	0	
YER182W	1	1	0	0	0	0	0	0	0	1	0	1	
YER188W	1	1	0	0	0	0	1	0	0	0	1	1	
YFL007W	0	0	1	1	1	1	1	0	0	0	0	0	
YFL008W	1	0	0	0	0	0	0	0	1	1	1	1	
YFL010C	1	0	0	0	0	0	0	1	1	1	1	1	
YFL014W	0	1	1	1	1	0	1	0	0	0	0	0	
YFL017C	1	1	0	0	0	0	0	0	0	0	1	1	
YFL021W	0	0	1	1	0	0	0	0	1	0	0	0	
YFL022C	0	0	0	0	0	0	0	1	1	1	0	1	
YFL024C	0	1	1	1	1	1	1	0	0	0	0	0	
YFL025C	1	0	0	0	0	0	0	0	1	1	1	1	
YFL027C	0	1	1	1	1	1	1	1	0	0	0	0	
YFL030W	1	1	0	0	0	0	0	0	0	0	1	0	
YFL033C	1	1	1	1	0	1	1	0	0	0	0	0	
YFL036W	1	0	0	0	0	0	0	0	0	1	1	1	
YFL037W	1	1	0	0	0	0	0	0	0	0	1	1	
YFL039C	1	1	1	0	0	0	0	0	0	0	0	0	
YFL041W	1	1	0	0	0	0	0	0	1	1	1	1	
YFL042C	1	1	1	1	1	1	1	0	0	0	0	0	
YFL045C	1	0	0	0	0	0	0	0	1	1	1	1	
YFL047W	1	0	0	0	0	0	0	0	1	1	1	1	
YFL052W	1	0	0	0	0	0	0	0	1	1	1	1	
YFL054C	1	1	0	1	0	1	0	0	0	0	0	0	
YFL056C	1	1	1	1	0	0	1	0	0	0	1	1	
YFL062W	0	1	0	1	1	1	0	0	0	0	0	0	
YFR003C	1	1	1	1	1	1	1	0	0	0	0	0	
YFR004W	0	1	1	0	1	0	1	0	0	0	0	0	
YFR008W	0	1	1	1	1	1	1	0	0	0	0	0	
YFR009W	0	0	0	0	0	0	0	1	1	1	1	1	
YFR011C	1	0	0	0	0	0	0	0	0	1	1	1	
YFR015C	1	1	0	1	0	0	0	0	0	0	0	0	
YFR016C	0	0	0	0	0	0	0	0	1	1	1	1	
YFR017C	0	1	1	1	1	1	0	0	0	0	0	0	
YFR019W	1	1	1	1	1	1	0	0	0	0	1	0	
YFR024C-A	1	1	1	0	0	0	0	0	0	0	0	0	
YFR026C	1	1	0	0	0	0	0	0	1	1	1	1	
YFR027W	1	1	0	0	0	0	0	0	1	1	1	1	
YFR028C	1	1	1	0	0	0	0	1	1	1	1	0	
YFR030W	1	0	0	0	0	0	0	1	1	1	1	1	
YFR031C	1	0	0	0	0	0	0	0	0	1	1	1	
YFR034C	1	0	0	0	0	0	0	1	1	1	1	1	
YFR036W	0	0	1	0	0	0	1	1	1	0	0	0	
YFR042W	0	1	0	0	0	0	0	0	1	1	1	0	
YFR044C	0	1	0	1	0	0	0	0	0	0	0	0	
YFR045W	1	1	0	0	0	0	0	0	0	1	1	1	
YFR046C	1	1	0	0	0	0	0	0	1	1	1	1	
YFR049W	1	1	1	0	0	0	0	0	0	1	1	1	
YFR050C	0	1	1	1	1	1	0	0	0	0	0	0	
YFR051C	1	0	0	0	0	0	0	0	1	1	1	1	
YFR053C	1	1	0	0	0	0	0	0	0	0	0	0	
YGL001C	1	0	0	0	0	0	0	0	1	1	1	1	
YGL006W	1	1	1	1	1	1	1	0	0	0	0	0	
YGL008C	1	0	0	0	0	0	0	1	1	1	1	1	
YGL009C	0	0	0	0	0	0	0	1	1	1	1	1	
YGL010W	0	1	1	1	1	1	1	0	0	0	0	0	
YGL012W	0	0	0	0	0	0	0	0	1	1	1	1	
YGL016W	1	1	0	0	0	0	0	0	1	1	1	1	
YGL017W	0	1	0	1	1	1	1	1	0	0	0	0	
YGL021W	1	1	1	1	0	0	0	0	0	0	0	1	
YGL022W	1	1	0	0	0	0	0	0	0	1	1	1	
YGL027C	1	0	0	0	0	0	0	0	0	1	1	1	
YGL028C	0	0	1	1	1	1	0	0	0	0	0	0	
YGL032C	1	1	1	1	1	1	1	0	0	0	0	0	
YGL035C	1	1	1	0	0	1	1	0	0	0	0	0	
YGL036W	0	1	1	1	1	1	1	0	0	0	0	0	
YGL037C	0	1	1	1	1	1	1	0	0	0	0	0	
YGL040C	1	0	0	0	0	0	0	0	0	1	1	1	
YGL044C	0	0	0	0	1	0	1	1	1	0	0	1	
YGL047W	0	1	1	1	1	1	1	0	0	0	0	0	
YGL049C	1	0	0	0	0	0	0	1	1	1	1	1	
YGL051W	1	1	0	0	1	1	1	1	0	0	0	0	
YGL053W	1	1	1	1	1	1	1	0	0	0	0	0	
YGL055W	0	1	1	0	0	0	1	0	0	0	0	0	
YGL061C	1	0	0	0	0	0	0	0	1	1	1	1	
YGL062W	1	0	0	0	0	0	0	0	0	1	1	1	
YGL063W	1	0	0	0	0	0	0	0	1	1	1	1	
YGL064C	1	0	0	0	0	0	0	0	1	1	1	1	
YGL065C	1	0	0	0	0	0	0	0	1	1	1	1	
YGL068W	1	0	0	0	0	0	0	0	0	1	1	1	
YGL071W	1	0	0	0	0	0	0	0	1	1	1	1	
YGL073W	0	1	1	1	1	1	1	0	0	0	0	0	
YGL079W	0	0	0	1	0	1	1	1	0	1	0	0	
YGL081W	0	1	0	1	1	1	1	0	0	0	0	0	
YGL084C	1	1	0	1	1	0	0	0	0	1	1	1	
YGL087C	1	1	1	1	1	1	1	0	0	0	0	0	
YGL090W	0	0	0	0	1	1	1	1	0	1	0	0	
YGL092W	1	0	0	0	0	0	0	1	1	1	1	1	
YGL093W	1	1	0	1	0	0	0	0	0	1	1	1	
YGL096W	0	1	1	1	1	1	1	0	0	0	0	0	
YGL097W	1	0	0	0	0	0	0	1	1	1	1	1	
YGL098W	1	0	0	0	0	1	0	0	1	1	1	1	
YGL104C	1	1	1	1	1	1	1	0	0	0	0	0	
YGL115W	1	1	0	0	0	0	0	0	0	1	1	1	
YGL116W	1	1	1	1	1	0	0	0	0	0	0	0	
YGL117W	0	0	0	0	1	1	1	0	0	0	0	0	
YGL120C	0	0	0	0	0	0	0	1	1	0	0	0	
YGL121C	0	0	0	1	1	1	1	1	0	0	0	0	
YGL126W	1	1	1	1	1	0	1	1	0	0	0	0	
YGL129C	1	1	0	0	0	0	0	0	0	1	1	1	
YGL131C	1	0	0	1	0	0	0	1	1	1	1	0	
YGL132W	1	1	1	0	1	0	1	1	0	1	0	0	
YGL133W	0	0	0	0	0	1	1	1	0	0	1	0	
YGL137W	1	1	1	0	0	0	0	0	0	1	1	1	
YGL141W	0	1	1	1	1	1	1	0	0	0	0	0	
YGL143C	1	0	0	0	0	0	0	0	0	1	1	1	
YGL151W	0	1	0	0	0	1	1	0	0	1	1	1	
YGL153W	1	1	1	1	1	0	1	0	0	0	0	0	
YGL154C	1	1	1	0	1	1	1	0	0	0	0	0	
YGL155W	1	0	0	0	0	0	1	1	0	1	1	0	
YGL156W	0	1	1	1	1	1	1	0	0	0	0	0	
YGL161C	1	1	1	1	1	1	1	0	0	0	0	0	
YGL170C	0	1	1	1	1	1	0	0	0	0	0	0	
YGL172W	1	0	1	0	0	0	1	1	1	1	1	0	
YGL174W	0	0	0	0	0	0	0	1	1	1	1	0	
YGL177W	0	0	0	0	0	0	0	1	1	1	0	1	
YGL178W	0	0	0	0	0	0	0	1	1	1	1	0	
YGL179C	1	1	1	0	0	0	0	0	0	1	1	0	
YGL180W	0	0	0	1	1	1	1	0	0	0	0	0	
YGL184C	0	0	0	0	0	1	1	1	1	0	0	0	
YGL187C	1	1	0	0	0	0	0	0	0	0	1	1	
YGL190C	0	1	1	1	1	1	1	0	0	0	0	0	
YGL192W	1	1	1	1	1	1	1	0	0	0	0	0	
YGL195W	1	0	0	0	0	0	0	0	1	1	1	1	
YGL197W	1	1	1	1	1	1	1	0	0	0	0	0	
YGL200C	1	0	0	0	0	0	0	0	0	1	1	1	
YGL201C	0	0	0	0	1	0	1	1	1	1	0	0	
YGL202W	0	0	0	0	0	0	0	1	1	1	1	0	
YGL205W	0	1	1	1	0	0	0	0	0	0	0	0	
YGL206C	1	1	1	1	1	0	0	0	0	1	1	0	
YGL208W	1	1	1	1	0	0	0	0	0	0	0	0	
YGL225W	0	0	0	0	0	0	0	1	1	1	1	1	
YGL226W	1	1	0	0	0	0	0	0	0	1	1	1	
YGL227W	1	1	1	1	1	1	1	0	0	0	0	0	
YGL229C	1	1	1	0	0	0	0	0	0	0	0	0	
YGL230C	1	0	0	1	0	0	0	0	0	1	1	1	
YGL233W	1	1	1	1	1	1	0	0	0	0	0	0	
YGL234W	0	0	0	0	0	0	0	0	1	1	1	0	
YGL236C	1	0	0	0	0	0	0	0	1	1	1	1	
YGL239C	0	0	1	1	1	1	1	1	1	0	0	0	
YGL240W	0	0	0	1	1	1	1	1	0	0	0	0	
YGL241W	0	1	0	1	0	1	0	0	1	1	1	1	
YGL247W	0	1	0	1	1	1	1	0	1	0	0	0	
YGL250W	1	1	1	1	1	1	1	0	0	0	0	0	
YGL252C	1	1	1	0	0	0	1	0	0	0	0	0	
YGL253W	1	0	0	0	0	0	0	0	0	1	1	1	
YGL259W	1	1	0	1	0	0	0	0	0	0	0	0	
YGR005C	1	0	0	0	0	0	0	0	1	1	1	1	
YGR010W	1	1	1	1	1	1	1	0	0	0	0	0	
YGR014W	1	0	0	0	0	0	0	0	0	1	1	1	
YGR017W	1	0	0	0	0	0	0	1	1	1	1	1	
YGR020C	0	0	0	0	0	0	0	1	1	1	1	0	
YGR023W	1	1	0	0	0	0	0	0	0	0	0	0	
YGR028W	1	0	0	0	0	0	0	0	0	1	1	1	
YGR030C	1	1	1	1	1	1	1	0	0	0	0	0	
YGR033C	0	1	1	1	1	1	1	0	0	0	0	0	
YGR038W	1	1	0	0	0	0	0	0	1	0	1	0	
YGR040W	1	0	0	0	0	0	0	1	1	1	1	1	
YGR041W	0	1	1	1	1	1	0	0	0	0	0	0	
YGR045C	1	1	1	1	1	1	1	0	0	0	0	0	
YGR048W	1	1	0	0	0	1	1	0	0	0	0	0	
YGR049W	0	1	1	0	1	0	1	1	1	0	0	0	
YGR050C	1	1	1	1	1	1	1	0	0	0	0	0	
YGR052W	0	1	1	1	1	1	1	0	0	0	0	0	
YGR054W	0	0	0	0	0	0	0	1	1	1	1	0	
YGR055W	0	0	0	0	0	0	0	1	1	0	0	0	
YGR059W	0	0	0	1	1	1	1	0	0	0	0	0	
YGR060W	0	0	0	1	1	1	1	1	0	0	0	0	
YGR062C	1	0	0	0	0	0	0	0	1	1	1	1	
YGR065C	1	0	0	0	0	0	0	0	0	1	1	1	
YGR066C	0	0	0	0	1	1	1	1	0	0	0	0	
YGR067C	1	1	0	0	0	0	0	0	0	0	0	0	
YGR068C	0	0	0	0	0	0	0	1	1	0	0	0	
YGR069W	1	1	1	1	0	0	0	0	0	0	0	0	
YGR070W	1	1	1	1	1	1	1	0	0	0	0	0	
YGR076C	1	0	0	0	0	0	0	0	0	1	1	1	
YGR077C	1	1	1	1	1	1	1	0	0	0	0	0	
YGR078C	0	0	0	0	0	0	0	1	1	0	1	0	
YGR079W	0	0	0	0	0	0	1	1	0	0	0	0	
YGR082W	1	0	0	0	0	0	0	0	0	1	1	1	
YGR084C	1	1	0	0	0	0	0	0	0	1	1	1	
YGR085C	0	0	0	0	0	0	0	1	1	1	0	0	
YGR086C	0	1	1	1	1	0	1	0	0	0	0	0	
YGR087C	0	0	0	0	0	1	1	1	1	0	0	0	
YGR088W	0	1	1	1	1	1	1	0	0	0	0	0	
YGR090W	0	0	0	0	0	0	0	1	1	0	0	0	
YGR092W	1	1	1	1	0	0	0	0	1	0	0	0	
YGR094W	1	0	0	0	0	0	0	1	1	1	1	1	
YGR095C	0	0	0	0	0	0	0	1	1	0	0	0	
YGR097W	0	0	0	0	1	1	1	1	1	0	0	0	
YGR098C	1	0	0	0	0	0	0	0	0	1	1	1	
YGR099W	1	0	0	0	0	0	0	0	0	1	1	1	
YGR101W	1	1	0	0	0	0	0	0	1	1	1	1	
YGR102C	1	1	1	0	0	1	1	1	0	0	0	0	
YGR108W	1	1	1	0	0	0	0	0	0	0	1	1	
YGR117C	0	1	1	1	1	1	1	0	0	0	0	0	
YGR121C	0	0	0	0	0	0	0	1	1	0	0	0	
YGR123C	0	0	0	0	0	0	0	1	1	0	1	1	
YGR124W	0	0	0	0	0	0	0	1	1	1	1	1	
YGR125W	0	0	0	0	0	0	0	1	1	1	0	0	
YGR126W	1	1	0	1	0	1	1	0	0	0	0	0	
YGR129W	1	0	0	0	0	1	1	1	0	0	0	1	
YGR130C	0	1	1	1	1	1	1	0	0	0	0	0	
YGR132C	1	1	0	0	0	0	0	0	0	0	0	0	
YGR133W	1	1	0	0	1	1	1	1	0	0	0	0	
YGR136W	1	1	0	0	0	0	0	1	1	1	0	0	
YGR140W	1	0	0	0	0	0	0	0	0	1	1	1	
YGR142W	0	0	0	1	1	1	1	0	0	0	0	0	
YGR145W	0	0	0	0	0	0	0	1	1	0	0	0	
YGR146C	0	1	0	1	1	1	1	0	0	0	0	0	
YGR148C	0	0	0	0	0	0	0	1	1	1	1	0	
YGR149W	0	1	1	1	1	0	1	0	0	0	0	0	
YGR150C	1	1	0	0	0	0	0	0	0	1	1	1	
YGR151C	0	0	0	0	0	0	0	1	1	1	1	0	
YGR152C	0	0	0	0	0	0	0	1	1	1	1	1	
YGR153W	0	0	0	0	0	0	0	0	1	1	1	1	
YGR155W	0	0	0	0	0	0	0	1	1	0	1	1	
YGR156W	1	1	1	0	0	0	0	0	1	1	1	0	
YGR157W	1	0	1	1	1	0	0	0	0	0	1	1	
YGR159C	0	0	0	0	0	0	0	1	1	0	0	0	
YGR161C	0	0	0	0	1	1	1	0	0	0	0	0	
YGR163W	1	0	0	0	0	0	0	0	1	1	1	1	
YGR165W	1	0	0	0	0	0	0	0	0	1	1	1	
YGR166W	0	0	0	0	0	0	0	1	1	1	1	1	
YGR167W	1	1	1	0	0	0	0	0	0	0	1	0	
YGR169C	1	0	0	0	0	0	0	1	1	1	1	1	
YGR172C	1	0	0	0	0	0	0	0	1	1	1	1	
YGR173W	0	0	0	0	0	0	1	1	1	1	1	0	
YGR174C	1	1	0	0	0	0	0	0	0	0	1	1	
YGR175C	0	0	0	1	0	1	1	1	0	0	0	0	
YGR177C	1	1	0	0	0	0	0	0	1	1	1	1	
YGR179C	1	1	0	0	0	0	0	0	0	1	1	1	
YGR180C	0	1	0	0	1	1	1	1	0	0	0	0	
YGR181W	1	1	0	0	0	0	0	0	0	1	1	1	
YGR189C	0	1	1	1	0	0	0	0	0	1	0	0	
YGR191W	0	0	0	0	0	0	0	1	1	0	0	0	
YGR193C	1	1	1	1	0	0	0	0	0	0	0	0	
YGR194C	1	1	1	0	0	0	0	0	0	0	1	0	
YGR198W	1	0	0	0	0	0	0	1	1	1	1	1	
YGR199W	1	0	0	0	0	0	0	0	0	1	1	1	
YGR201C	1	1	1	1	1	1	1	1	0	0	0	0	
YGR202C	1	0	0	0	0	1	1	0	0	0	1	1	
YGR203W	0	1	1	1	1	1	0	0	0	0	0	0	
YGR205W	1	1	1	1	0	0	0	0	0	0	0	0	
YGR207C	1	0	0	0	0	0	0	0	1	1	1	1	
YGR210C	0	0	0	0	0	0	0	1	1	1	1	1	
YGR211W	0	0	0	1	1	1	1	1	0	0	0	0	
YGR214W	0	0	0	0	0	0	0	1	1	1	1	0	
YGR215W	1	1	0	0	0	0	0	0	0	1	1	1	
YGR220C	1	0	0	0	0	0	0	0	1	1	1	1	
YGR221C	1	0	0	0	0	0	0	0	0	1	1	1	
YGR229C	1	0	0	0	0	0	0	1	1	1	1	1	
YGR233C	1	0	0	0	0	0	0	1	1	1	1	1	
YGR234W	1	0	0	0	0	0	0	0	1	1	1	1	
YGR236C	0	1	1	1	1	1	0	0	0	0	0	0	
YGR238C	1	1	0	0	0	0	0	0	0	1	1	1	
YGR239C	1	0	0	0	0	0	1	1	0	0	1	0	
YGR240C	1	0	0	0	1	0	1	1	0	0	1	0	
YGR241C	1	1	1	1	0	0	0	0	0	0	0	0	
YGR243W	1	1	1	1	0	0	0	0	0	0	0	0	
YGR244C	1	1	0	0	0	0	0	0	0	0	0	0	
YGR247W	1	1	1	1	1	1	1	0	0	0	0	0	
YGR249W	1	1	1	1	0	0	0	0	1	0	0	0	
YGR250C	0	1	1	1	1	1	1	0	0	0	0	0	
YGR251W	0	0	0	0	0	0	1	1	1	0	0	0	
YGR256W	0	0	0	1	1	1	1	0	0	0	0	0	
YGR257C	1	0	0	0	0	0	0	0	1	1	1	1	
YGR258C	0	0	0	1	1	1	1	1	0	0	0	0	
YGR260W	1	0	0	0	1	1	1	1	0	0	0	0	
YGR266W	1	1	1	1	1	1	0	0	0	0	0	0	
YGR268C	1	1	1	1	1	1	1	0	0	0	0	0	
YGR269W	0	1	1	1	1	1	1	0	0	0	0	0	
YGR279C	1	1	0	0	0	0	0	0	1	0	0	0	
YGR280C	0	0	0	0	0	0	0	1	1	0	0	0	
YGR281W	0	0	1	1	1	1	1	0	0	0	0	0	
YGR285C	0	0	0	0	0	0	0	1	1	0	0	0	
YGR289C	0	1	1	1	1	1	0	0	0	0	0	0	
YGR295C	0	1	1	1	1	1	0	0	0	0	0	0	
YHL004W	1	0	0	0	0	0	0	0	0	1	1	1	
YHL007C	0	0	0	0	0	0	0	1	1	1	1	1	
YHL008C	1	1	0	0	0	0	0	0	0	1	1	1	
YHL010C	0	1	1	1	1	1	1	0	0	0	0	0	
YHL018W	1	1	0	1	1	0	1	0	0	0	1	0	
YHL019C	1	1	0	1	1	1	1	0	0	0	0	0	
YHL020C	1	1	1	1	0	0	0	1	0	0	1	1	
YHL021C	1	1	0	0	0	0	0	0	0	1	0	0	
YHL022C	1	1	0	1	1	0	0	0	0	0	1	1	
YHL024W	1	1	1	1	0	1	1	0	0	0	0	0	
YHL031C	1	0	0	0	0	0	0	0	1	1	1	0	
YHL032C	1	1	1	1	0	0	0	0	0	0	0	0	
YHL034C	1	1	1	1	1	0	0	0	0	0	0	0	
YHL035C	1	1	0	1	1	1	1	0	0	1	1	0	
YHL048W	1	1	1	0	0	0	0	0	0	0	1	1	
YHL050C	1	1	0	0	0	0	0	0	1	1	1	0	
YHR001W	1	1	1	1	1	0	0	0	0	0	0	0	
YHR002W	1	1	1	1	0	0	0	0	0	0	0	0	
YHR003C	0	0	0	0	0	0	0	1	1	1	1	0	
YHR005C-A	1	0	0	0	0	0	0	0	0	1	1	1	
YHR007C	0	0	0	1	0	1	1	1	0	0	0	0	
YHR008C	0	1	1	1	1	1	1	0	0	0	0	0	
YHR009C	1	1	0	0	0	0	0	0	0	1	1	1	
YHR011W	1	1	0	0	0	0	0	0	0	1	1	1	
YHR015W	0	1	1	0	1	1	1	1	0	0	0	0	
YHR016C	1	1	1	1	1	0	0	0	0	0	0	0	
YHR018C	0	0	0	0	1	1	1	0	0	0	0	0	
YHR019C	0	0	0	0	0	0	0	1	1	1	1	1	
YHR020W	0	0	0	0	0	0	1	1	1	1	1	0	
YHR022C	0	1	0	1	1	1	1	0	1	0	0	0	
YHR023W	1	1	1	1	0	0	0	0	1	0	0	1	
YHR024C	1	0	0	0	0	0	0	0	1	1	1	1	
YHR025W	0	0	0	0	0	0	1	1	1	0	1	0	
YHR026W	1	0	0	0	0	0	0	0	1	0	1	0	
YHR031C	1	1	0	0	0	0	0	1	0	0	1	1	
YHR032W	0	0	0	0	0	0	0	1	1	0	0	0	
YHR033W	1	0	0	0	0	0	0	0	1	0	1	1	
YHR035W	1	1	1	1	1	1	0	0	0	0	1	0	
YHR038W	1	1	0	0	0	0	0	0	0	1	1	1	
YHR039C	1	0	0	0	0	0	0	1	1	1	1	1	
YHR043C	1	0	0	0	0	0	0	0	1	1	1	1	
YHR045W	1	0	0	0	0	0	0	1	1	1	1	1	
YHR050W	1	1	0	0	0	0	0	0	0	1	1	1	
YHR051W	1	1	1	0	0	0	0	0	0	0	1	0	
YHR059W	1	0	0	0	0	0	0	0	0	1	1	1	
YHR061C	1	1	0	0	0	0	0	0	0	1	1	1	
YHR066W	0	0	0	0	0	0	1	1	1	0	0	0	
YHR067W	1	0	1	1	1	0	0	0	0	0	1	1	
YHR068W	0	0	0	0	0	0	0	1	1	1	1	1	
YHR069C	0	0	0	0	0	1	1	1	1	0	0	0	
YHR070W	0	0	0	0	0	0	0	1	1	0	0	0	
YHR074W	1	1	0	0	0	0	0	0	0	1	1	0	
YHR075C	0	1	1	1	1	1	1	0	0	0	0	0	
YHR076W	1	1	0	0	0	0	0	0	0	1	1	1	
YHR080C	1	1	1	1	1	1	1	0	0	0	0	0	
YHR083W	1	1	0	0	0	0	0	0	0	1	1	1	
YHR086W	1	0	0	0	0	0	0	0	0	1	1	1	
YHR087W	0	1	1	1	1	1	1	0	0	0	0	0	
YHR088W	0	0	0	0	0	0	1	1	1	0	0	0	
YHR089C	0	0	0	0	0	0	0	1	1	0	0	0	
YHR091C	1	1	0	0	0	0	0	0	0	1	1	1	
YHR094C	0	1	1	0	0	0	0	1	1	0	0	0	
YHR096C	0	0	0	1	1	1	1	0	0	0	0	0	
YHR098C	1	0	0	0	0	0	0	0	1	1	1	1	
YHR099W	1	1	0	0	0	0	0	0	1	1	1	1	
YHR105W	1	1	1	1	1	1	1	0	0	0	0	0	
YHR107C	1	0	0	0	0	0	0	0	1	1	1	1	
YHR108W	1	0	0	0	0	0	0	0	0	1	1	1	
YHR110W	1	1	1	1	0	0	1	0	0	1	1	0	
YHR113W	1	1	1	1	1	0	1	0	0	0	0	0	
YHR120W	1	0	0	0	0	0	0	1	1	1	1	1	
YHR121W	1	0	0	0	0	0	0	0	1	1	1	1	
YHR122W	1	0	0	0	0	0	1	0	1	1	1	1	
YHR127W	1	0	0	0	0	0	0	0	0	1	1	1	
YHR128W	0	0	0	0	0	0	0	1	1	0	0	0	
YHR129C	1	0	0	0	0	0	0	1	0	1	1	1	
YHR137W	1	1	1	1	0	0	0	0	0	0	0	0	
YHR138C	0	0	0	1	1	1	1	0	0	0	0	0	
YHR140W	1	1	1	1	1	1	1	0	0	0	0	0	
YHR147C	1	1	0	0	0	0	0	0	0	1	1	1	
YHR149C	0	0	0	0	0	0	0	1	1	1	1	1	
YHR152W	1	1	1	1	0	0	0	0	0	0	0	0	
YHR158C	1	1	0	0	1	0	0	0	0	1	1	1	
YHR159W	1	1	1	1	1	1	0	0	0	1	0	0	
YHR160C	1	1	1	1	1	1	1	0	0	0	0	0	
YHR161C	1	1	1	1	1	1	1	0	0	0	0	0	
YHR171W	0	1	1	1	1	1	1	0	0	0	0	0	
YHR172W	1	0	0	0	0	0	0	0	0	1	1	1	
YHR175W	1	1	0	0	0	0	0	0	0	1	1	0	
YHR178W	1	1	1	1	1	1	1	0	0	0	0	0	
YHR179W	0	0	0	0	0	0	1	1	1	0	1	0	
YHR183W	1	0	0	0	0	0	0	0	0	1	1	1	
YHR190W	1	1	1	1	1	0	0	0	0	0	0	0	
YHR195W	0	1	1	1	1	1	1	0	0	0	0	0	
YHR198C	1	1	0	0	0	0	0	0	0	1	1	1	
YHR204W	0	0	0	0	0	0	0	1	1	1	1	0	
YHR207C	0	1	1	1	0	0	1	1	0	0	0	0	
YHR208W	0	0	0	0	0	0	0	1	1	1	1	1	
YHR209W	0	1	1	1	1	1	1	0	0	0	0	0	
YHR216W	1	0	0	0	0	0	0	1	1	1	1	1	
YIL006W	1	1	0	0	0	0	1	0	1	0	1	0	
YIL010W	1	1	0	0	0	0	0	0	0	1	1	0	
YIL017C	1	1	1	1	1	1	1	0	0	0	0	0	
YIL022W	1	0	0	0	0	0	0	0	1	1	1	1	
YIL026C	1	1	0	0	0	0	0	0	0	1	1	1	
YIL029C	1	1	1	1	1	1	1	0	0	0	0	0	
YIL033C	0	1	1	1	1	0	0	0	0	0	0	0	
YIL039W	1	0	0	0	0	0	0	0	1	1	1	1	
YIL042C	1	1	1	1	1	0	1	0	0	0	0	0	
YIL045W	0	1	0	1	1	1	1	0	0	0	0	0	
YIL049W	1	1	0	0	1	1	0	0	0	1	1	0	
YIL053W	0	0	0	0	0	0	1	1	1	0	0	0	
YIL055C	0	1	1	1	1	1	1	0	0	0	0	0	
YIL056W	1	1	0	0	0	1	1	0	0	0	1	0	
YIL057C	0	1	1	1	1	1	0	0	0	0	0	0	
YIL059C	1	1	0	0	0	0	0	0	0	1	1	0	
YIL064W	1	0	0	0	0	0	0	1	1	1	1	1	
YIL066C	0	1	0	1	1	1	1	1	0	0	0	0	
YIL068C	1	1	1	1	1	0	0	0	0	0	1	0	
YIL070C	1	0	0	0	0	0	0	0	0	1	1	1	
YIL074C	0	0	0	0	0	0	0	0	1	1	1	1	
YIL077C	1	1	1	1	1	1	1	0	0	0	0	0	
YIL079C	0	0	0	0	0	0	1	1	1	0	0	0	
YIL093C	1	0	0	0	0	0	0	0	0	1	1	1	
YIL094C	0	0	0	0	0	0	0	1	1	1	1	1	
YIL097W	1	1	0	1	1	1	1	0	0	0	0	0	
YIL101C	0	1	1	1	1	1	1	0	0	0	0	0	
YIL105C	1	1	1	1	1	1	0	0	0	0	0	0	
YIL108W	1	1	1	0	1	0	0	0	1	0	0	0	
YIL113W	0	1	1	1	1	1	1	0	0	0	0	0	
YIL114C	0	0	0	0	1	0	1	1	1	0	0	0	
YIL117C	0	0	0	0	1	1	1	1	1	0	0	0	
YIL120W	1	1	1	0	0	1	0	0	0	0	0	0	
YIL121W	1	1	0	0	0	0	0	0	1	1	1	0	
YIL124W	0	1	1	1	1	1	1	0	0	0	0	0	
YIL125W	1	1	0	0	0	0	0	0	0	1	1	1	
YIL131C	1	0	0	0	0	0	0	0	0	1	1	1	
YIL132C	1	0	0	0	0	0	0	1	1	1	1	0	
YIL134W	1	0	0	0	0	0	0	0	1	1	1	1	
YIL136W	0	1	1	1	1	1	0	0	0	0	0	0	
YIL143C	1	1	0	1	1	0	0	0	1	0	0	0	
YIL153W	0	1	1	1	1	0	0	0	0	0	0	0	
YIL157C	1	1	0	0	0	0	0	0	0	1	1	1	
YIL160C	0	1	1	1	0	0	0	0	0	0	0	0	
YIL162W	1	1	0	0	0	0	0	0	0	1	1	1	
YIL166C	0	0	0	0	1	1	1	1	0	0	0	0	
YIR003W	1	1	1	0	0	0	0	0	0	0	1	0	
YIR008C	1	0	0	0	0	0	0	0	1	1	1	0	
YIR010W	1	1	0	0	0	0	0	1	0	0	1	1	
YIR014W	0	1	1	1	1	1	1	0	0	0	0	0	
YIR017C	0	0	0	0	1	1	1	0	0	1	1	1	
YIR023W	1	0	0	0	0	0	0	1	1	1	1	1	
YIR024C	1	0	0	0	0	0	0	0	0	1	1	1	
YIR025W	1	0	0	1	1	1	1	0	0	0	0	0	
YIR027C	1	0	0	0	0	0	0	1	1	0	0	0	
YIR028W	0	0	0	0	0	0	0	1	1	0	0	0	
YIR031C	0	0	0	0	0	0	0	1	1	1	0	1	
YIR032C	1	0	0	0	0	0	0	0	1	0	0	0	
YIR034C	0	0	0	0	0	0	0	1	1	1	1	0	
YIR036C	0	1	1	1	1	1	1	0	0	0	0	0	
YIR037W	0	1	0	1	1	1	1	0	0	0	0	0	
YIR038C	0	0	0	1	1	1	1	0	0	0	0	0	
YIR039C	1	1	0	0	1	0	0	0	0	0	0	1	
YIR042C	1	0	0	0	0	0	0	0	1	1	1	1	
YJL004C	0	1	1	1	1	1	1	0	0	0	0	0	
YJL005W	0	1	1	1	1	1	1	0	0	0	0	0	
YJL012C	0	0	0	0	0	0	0	1	1	1	1	1	
YJL014W	1	0	1	0	0	0	0	1	1	0	0	1	
YJL015C	1	0	1	1	1	1	1	0	1	0	0	0	
YJL016W	0	1	0	1	1	1	1	0	1	0	0	0	
YJL019W	1	0	0	0	0	0	0	0	1	1	1	1	
YJL020C	0	1	1	1	1	1	1	0	0	0	0	0	
YJL023C	0	1	1	1	1	1	1	0	0	0	0	0	
YJL026W	0	0	0	0	1	1	1	1	0	0	0	0	
YJL034W	0	0	0	1	1	1	1	0	0	0	0	0	
YJL035C	0	0	0	0	0	0	0	0	1	1	1	1	
YJL036W	1	1	1	1	1	1	1	0	0	0	0	0	
YJL041W	0	1	0	0	0	1	1	1	0	0	0	1	
YJL042W	1	1	1	1	1	1	1	0	0	0	0	0	
YJL045W	0	0	0	1	1	1	1	1	0	0	0	0	
YJL048C	0	1	1	1	1	1	1	0	0	0	0	0	
YJL052W	0	1	1	1	1	0	0	0	0	0	0	0	
YJL054W	1	0	0	0	0	0	0	1	1	1	1	1	
YJL057C	0	1	1	1	1	1	1	0	0	0	0	0	
YJL059W	0	1	1	1	1	1	0	0	0	0	0	0	
YJL063C	1	0	0	0	0	0	0	0	0	1	1	1	
YJL065C	0	1	1	1	1	0	1	1	1	0	0	0	
YJL066C	1	1	0	0	0	0	0	0	0	0	0	0	
YJL068C	1	1	1	1	1	0	1	0	0	1	0	0	
YJL069C	0	0	0	0	0	0	0	1	1	0	0	0	
YJL071W	0	0	1	0	1	1	1	1	0	1	0	1	
YJL072C	0	0	0	0	0	0	1	1	1	1	1	0	
YJL074C	1	1	0	0	0	0	0	0	0	1	1	1	
YJL078C	0	0	1	1	1	1	0	0	0	0	0	0	
YJL080C	1	0	0	0	0	0	0	1	1	1	0	1	
YJL084C	0	1	1	1	1	1	1	1	0	0	0	0	
YJL088W	0	0	1	0	1	1	1	0	0	0	0	0	
YJL089W	0	1	1	1	1	1	1	0	0	0	0	0	
YJL091C	0	0	0	1	1	0	0	0	1	1	1	1	
YJL092W	1	1	1	0	0	0	0	0	0	1	1	1	
YJL096W	1	0	0	0	0	0	0	0	0	1	1	1	
YJL098W	0	0	0	0	0	0	1	1	1	0	0	1	
YJL102W	1	0	0	0	0	0	0	0	1	1	1	1	
YJL106W	1	1	1	1	1	1	1	0	0	0	0	0	
YJL108C	1	0	0	0	0	0	0	1	1	1	1	1	
YJL110C	1	0	0	0	0	0	0	1	1	0	1	1	
YJL112W	1	0	0	0	0	0	0	0	1	1	1	1	
YJL115W	0	0	0	0	0	0	0	0	1	1	1	1	
YJL122W	0	0	0	0	0	0	0	1	1	0	0	0	
YJL124C	1	0	0	0	0	0	0	0	1	1	1	0	
YJL125C	0	0	0	0	0	0	0	1	1	0	1	1	
YJL133W	1	0	0	0	0	0	0	1	1	1	1	1	
YJL134W	0	0	0	0	0	0	0	1	1	1	0	1	
YJL137C	1	1	1	1	1	1	1	0	0	0	0	0	
YJL141C	0	1	0	1	1	1	1	0	0	0	0	0	
YJL143W	1	0	0	0	0	0	0	0	0	1	1	1	
YJL151C	0	1	1	1	1	0	1	0	0	0	0	0	
YJL153C	1	0	1	1	1	0	0	0	0	0	0	0	
YJL155C	1	1	1	1	1	0	1	0	0	0	0	0	
YJL157C	1	1	1	0	0	0	0	0	1	0	1	0	
YJL158C	1	0	0	0	0	0	0	0	0	1	1	1	
YJL159W	0	1	1	1	0	0	0	0	1	0	0	0	
YJL160C	1	1	1	0	1	1	1	0	0	0	0	0	
YJL164C	0	1	1	1	1	1	1	0	0	0	0	0	
YJL168C	1	1	1	0	0	0	0	1	1	1	0	1	
YJL173C	1	0	0	0	0	1	1	0	0	1	1	1	
YJL180C	1	0	0	0	0	0	0	0	0	1	1	1	
YJL183W	1	1	0	0	0	0	0	1	1	1	1	1	
YJL185C	0	1	1	1	1	1	1	0	0	0	0	0	
YJL187C	0	0	0	0	0	0	0	0	1	1	1	1	
YJL189W	0	0	0	0	0	0	0	1	1	1	1	0	
YJL190C	0	0	0	0	0	0	0	1	1	1	1	0	
YJL193W	0	0	0	0	1	1	1	1	1	0	0	0	
YJL194W	0	1	0	0	0	0	0	0	1	0	0	0	
YJL196C	1	1	0	0	0	0	0	0	1	1	0	0	
YJL197W	0	0	0	0	1	0	0	1	1	1	0	1	
YJL199C	1	1	1	1	1	1	1	0	0	0	0	0	
YJL200C	0	0	0	0	0	0	0	1	1	1	0	1	
YJL201W	1	0	0	0	0	0	0	0	1	1	0	1	
YJL203W	1	0	0	0	1	1	1	1	1	1	0	0	
YJL208C	1	0	0	0	0	0	0	1	1	1	1	1	
YJL210W	0	1	1	1	1	1	1	0	0	0	0	0	
YJL211C	1	0	1	1	1	0	1	0	0	0	0	0	
YJL212C	0	0	0	0	0	0	0	1	1	0	0	0	
YJL213W	1	0	0	0	0	0	0	0	0	1	1	1	
YJL214W	1	1	1	1	0	0	0	0	0	0	0	0	
YJL218W	1	1	1	0	0	0	0	0	0	1	1	1	
YJL222W	1	1	1	0	0	0	0	0	1	1	1	1	
YJR002W	0	0	0	0	0	0	1	1	1	0	0	0	
YJR005W	1	1	1	0	0	0	0	0	1	0	1	1	
YJR007W	0	0	0	0	0	0	0	1	1	0	1	0	
YJR008W	0	1	1	1	1	0	0	0	0	0	0	0	
YJR009C	0	1	1	1	1	0	1	0	0	0	0	0	
YJR010C-A	0	1	1	1	1	1	1	0	0	0	0	0	
YJR010W	1	0	0	0	0	0	0	1	1	1	1	1	
YJR012C	0	1	1	1	1	1	1	0	0	0	0	0	
YJR014W	0	0	0	0	0	0	0	1	1	0	0	0	
YJR015W	1	0	0	0	0	0	0	1	1	1	0	0	
YJR016C	0	0	0	0	0	0	1	1	1	0	0	0	
YJR019C	1	1	1	0	0	0	0	0	0	0	0	0	
YJR020W	1	1	1	0	1	0	0	0	0	0	0	0	
YJR022W	0	1	0	0	1	1	0	0	0	1	0	0	
YJR025C	0	0	0	0	1	1	1	1	0	0	0	0	
YJR030C	1	0	0	0	0	0	0	0	1	1	1	1	
YJR033C	1	1	1	1	1	1	0	0	0	0	0	0	
YJR042W	1	0	1	0	0	0	0	1	1	0	1	0	
YJR044C	0	1	1	1	1	1	1	0	0	0	0	0	
YJR048W	1	1	0	0	0	0	0	0	0	0	1	1	
YJR049C	0	1	1	1	1	1	1	1	0	0	0	0	
YJR050W	0	0	1	1	1	1	1	1	1	0	0	0	
YJR052W	0	1	1	1	1	1	1	1	1	0	0	0	
YJR054W	0	0	0	0	0	0	0	1	0	1	1	1	
YJR055W	0	0	0	0	1	1	1	1	1	0	0	0	
YJR059W	1	1	1	1	1	1	0	0	0	0	0	0	
YJR061W	0	1	1	1	1	1	1	1	0	0	0	0	
YJR065C	1	1	1	1	1	0	0	0	0	0	0	0	
YJR067C	0	0	0	0	1	1	0	1	1	1	0	1	
YJR069C	1	0	0	0	0	0	0	1	1	1	1	1	
YJR070C	0	0	0	0	0	0	0	1	1	0	0	0	
YJR072C	0	0	0	0	0	0	1	1	1	0	0	0	
YJR073C	1	0	1	0	1	0	0	0	0	0	0	1	
YJR074W	1	0	1	0	1	1	0	0	0	0	1	1	
YJR076C	1	1	0	0	0	0	0	0	0	0	1	1	
YJR077C	1	0	0	0	0	0	0	0	1	0	1	1	
YJR079W	0	0	0	0	0	0	0	1	1	1	0	0	
YJR082C	0	0	1	1	1	1	1	1	0	0	0	0	
YJR083C	0	1	1	1	1	1	1	0	0	0	0	0	
YJR086W	0	1	1	1	1	1	1	0	1	0	0	0	
YJR092W	1	1	1	0	0	0	0	0	0	0	0	1	
YJR094C	0	1	1	1	1	1	1	0	0	0	0	0	
YJR095W	1	1	1	0	0	0	0	0	0	0	0	0	
YJR098C	1	1	1	1	1	0	0	0	0	0	0	0	
YJR099W	1	1	1	1	1	0	0	0	0	0	0	0	
YJR100C	1	0	0	0	0	0	0	0	1	1	1	1	
YJR101W	1	0	0	0	0	0	0	0	1	1	1	1	
YJR103W	0	1	1	1	1	0	0	0	0	0	0	0	
YJR104C	0	1	1	1	1	0	0	0	0	0	0	0	
YJR105W	1	0	0	0	0	0	0	0	1	0	1	1	
YJR108W	1	1	1	0	1	1	0	0	0	0	0	0	
YJR109C	0	0	1	0	1	1	1	0	0	0	0	0	
YJR112W	0	0	1	0	1	0	1	1	0	0	1	0	
YJR113C	1	0	0	0	0	0	0	0	0	1	1	1	
YJR115W	1	0	0	0	1	1	1	0	1	0	0	0	
YJR117W	0	0	1	1	1	1	1	0	0	0	0	0	
YJR121W	1	1	1	0	0	0	0	0	0	0	0	1	
YJR122W	1	1	0	0	0	0	0	0	0	1	1	1	
YJR124C	0	0	0	0	0	0	0	1	1	1	1	1	
YJR126C	0	1	1	1	1	1	1	0	0	0	0	0	
YJR133W	1	0	0	0	0	0	0	0	0	0	1	1	
YJR136C	0	1	1	1	1	1	1	0	0	0	0	0	
YJR143C	1	0	0	0	0	0	0	0	1	1	1	1	
YJR148W	0	1	1	0	0	0	0	0	0	0	0	0	
YJR152W	0	0	0	0	0	0	0	0	1	0	0	0	
YJR154W	0	0	0	0	0	0	0	1	1	1	1	1	
YJR158W	1	0	0	0	0	0	0	0	1	1	1	1	
YJR161C	0	1	0	1	1	1	1	0	0	0	0	0	
YKL001C	0	0	0	0	0	0	0	1	1	1	1	1	
YKL003C	1	0	0	0	0	0	0	0	0	1	1	1	
YKL006C-A	0	1	1	1	1	1	0	1	0	0	0	0	
YKL009W	0	0	0	0	0	0	0	1	1	0	0	0	
YKL015W	0	1	1	1	1	1	1	0	0	0	0	0	
YKL016C	1	1	1	0	0	0	0	0	0	0	1	1	
YKL019W	1	1	0	0	0	0	0	1	1	1	0	0	
YKL020C	0	1	1	1	1	1	1	0	0	0	0	0	
YKL023W	1	1	1	0	1	1	1	0	0	0	0	0	
YKL024C	0	0	0	0	0	0	0	1	1	0	0	0	
YKL029C	0	0	0	0	0	0	0	1	1	0	0	0	
YKL035W	1	1	0	1	1	0	0	0	0	0	0	0	
YKL042W	1	1	0	0	0	0	0	0	0	1	1	1	
YKL045W	1	0	0	0	0	0	0	0	1	1	1	1	
YKL050C	0	0	0	1	1	1	1	1	0	0	0	0	
YKL052C	1	1	1	1	1	0	1	0	0	0	0	0	
YKL054C	0	1	1	0	0	0	0	0	1	1	1	0	
YKL056C	0	0	0	0	0	0	0	1	1	0	1	0	
YKL057C	0	1	1	1	1	0	0	0	0	0	1	0	
YKL058W	0	1	1	1	1	0	0	0	0	0	1	1	
YKL064W	1	1	1	1	1	1	0	0	0	0	0	0	
YKL065C	0	1	0	1	1	1	0	0	0	0	0	0	
YKL067W	1	1	0	0	0	0	0	0	0	1	1	1	
YKL068W	0	0	0	0	0	0	0	1	1	0	1	1	
YKL069W	0	0	0	0	1	1	1	1	0	0	1	1	
YKL073W	1	0	0	0	1	0	0	1	1	1	1	1	
YKL078W	0	0	0	0	0	0	0	1	1	0	0	0	
YKL079W	0	0	1	0	0	0	0	1	1	0	0	0	
YKL081W	0	0	0	0	0	0	0	1	1	1	1	1	
YKL085W	1	1	0	0	0	0	0	0	0	0	1	0	
YKL087C	1	0	0	0	0	0	0	0	0	1	1	1	
YKL092C	1	1	0	1	1	0	0	0	1	1	1	1	
YKL093W	0	1	1	1	1	1	1	0	0	0	0	0	
YKL095W	0	0	0	0	1	1	0	1	1	0	0	0	
YKL101W	1	1	0	0	0	0	0	0	0	1	1	1	
YKL103C	0	1	1	1	1	1	1	0	0	0	0	0	
YKL107W	0	0	0	1	1	1	1	1	0	0	0	0	
YKL108W	0	0	0	0	0	0	0	0	1	1	1	1	
YKL109W	1	0	0	0	0	0	0	0	1	1	1	1	
YKL113C	1	0	0	0	0	0	0	0	1	1	1	1	
YKL117W	0	1	0	1	1	1	0	0	0	0	0	0	
YKL119C	1	1	0	0	1	0	0	0	0	0	0	1	
YKL120W	0	0	0	0	0	0	0	1	1	0	0	0	
YKL124W	1	1	1	1	1	1	1	0	0	0	0	0	
YKL127W	1	1	0	0	0	0	0	0	0	0	1	1	
YKL133C	0	1	1	1	1	1	1	0	0	0	0	0	
YKL134C	1	0	0	0	0	0	0	0	1	1	1	1	
YKL137W	1	0	0	0	0	0	0	0	0	1	1	1	
YKL140W	1	1	1	1	1	1	1	0	0	0	0	0	
YKL141W	1	1	1	0	0	0	0	0	0	0	1	0	
YKL142W	0	1	1	1	1	1	0	0	0	0	0	0	
YKL145W	0	1	1	1	1	1	0	0	0	0	0	0	
YKL148C	1	1	0	0	0	0	0	0	1	0	1	1	
YKL150W	1	1	0	1	1	1	0	0	0	0	0	0	
YKL152C	1	0	0	0	1	1	1	1	0	0	0	0	
YKL153W	1	1	1	0	1	0	0	1	0	0	0	0	
YKL154W	0	0	0	0	0	0	0	1	0	1	1	1	
YKL155C	1	0	0	0	0	0	0	1	0	1	1	1	
YKL163W	0	0	0	0	1	1	1	1	0	0	0	0	
YKL165C	1	0	0	0	0	0	0	0	1	1	1	1	
YKL166C	0	0	0	0	0	0	0	1	1	1	1	1	
YKL167C	1	0	0	0	0	0	0	0	1	1	1	1	
YKL168C	1	1	1	1	1	1	1	0	0	0	0	0	
YKL171W	1	1	1	1	1	1	0	0	0	0	0	0	
YKL178C	1	0	0	0	1	0	1	0	1	1	0	0	
YKL181W	0	0	0	0	0	0	0	1	1	0	0	0	
YKL182W	0	1	1	0	1	1	1	1	0	0	0	0	
YKL185W	0	1	1	1	1	0	0	0	0	0	0	0	
YKL189W	1	1	1	1	0	0	0	0	0	0	0	0	
YKL191W	0	0	0	0	0	0	1	1	1	0	0	0	
YKL192C	1	0	0	0	0	0	0	0	0	1	1	1	
YKL193C	0	1	1	1	1	1	1	0	0	0	0	0	
YKL195W	1	1	0	0	0	0	0	0	0	1	1	1	
YKL196C	0	1	1	1	1	1	0	0	0	0	0	0	
YKL197C	1	1	1	1	1	1	1	1	0	0	0	0	
YKL201C	0	1	1	1	0	1	1	1	0	0	0	0	
YKL203C	1	1	1	1	1	1	1	0	0	0	0	0	
YKL205W	0	0	0	0	0	0	0	1	1	1	1	1	
YKL210W	0	1	1	1	1	1	0	0	0	0	0	0	
YKL212W	1	0	0	0	0	0	0	1	1	1	0	1	
YKL213C	1	1	1	1	1	0	1	0	0	0	0	0	
YKL214C	1	1	0	0	1	1	0	1	0	0	0	0	
YKL215C	1	1	0	0	0	0	0	0	0	1	0	0	
YKL217W	0	1	1	0	1	1	0	0	0	0	0	0	
YKL221W	1	1	0	1	1	1	1	0	0	0	0	0	
YKR002W	1	1	1	0	0	0	0	0	0	0	1	0	
YKR006C	1	0	0	0	0	0	0	0	0	1	1	1	
YKR010C	1	0	0	0	0	0	0	0	1	0	1	1	
YKR014C	0	1	1	1	1	1	1	0	0	0	0	0	
YKR017C	1	1	1	1	1	1	1	0	0	0	0	0	
YKR025W	0	0	0	0	0	0	1	1	1	0	0	0	
YKR026C	0	0	0	0	0	0	0	1	1	1	1	0	
YKR029C	1	1	0	1	1	1	0	0	1	0	0	1	
YKR030W	0	1	0	1	1	1	0	0	1	0	0	1	
YKR034W	1	0	0	0	0	0	0	1	1	0	0	0	
YKR036C	0	0	0	0	1	1	1	1	1	0	0	0	
YKR037C	1	1	1	0	1	0	0	0	0	0	1	1	
YKR039W	0	0	1	0	0	0	0	1	1	0	0	0	
YKR044W	0	0	0	0	0	0	0	1	0	0	1	1	
YKR046C	0	1	1	1	1	0	0	0	0	0	0	0	
YKR048C	1	0	1	0	0	0	0	1	1	0	0	0	
YKR052C	1	1	0	0	1	1	0	0	1	0	0	1	
YKR054C	1	1	0	0	0	0	0	0	0	0	1	1	
YKR055W	1	1	1	1	1	1	1	0	0	0	0	0	
YKR063C	0	0	0	0	1	1	1	1	1	0	0	0	
YKR065C	1	1	0	0	0	0	0	0	0	1	1	1	
YKR066C	0	1	1	1	0	0	0	0	0	0	0	0	
YKR067W	1	1	0	1	1	0	0	0	0	0	0	0	
YKR069W	0	0	0	0	0	0	0	1	1	1	1	1	
YKR071C	0	0	0	0	0	0	0	1	1	0	1	0	
YKR077W	0	0	0	0	0	0	0	0	1	1	1	0	
YKR084C	1	0	0	0	0	0	0	0	1	1	1	1	
YKR085C	1	0	0	0	0	0	0	0	0	1	1	1	
YKR089C	0	1	1	1	1	1	1	0	0	0	0	0	
YKR090W	0	0	0	0	0	0	0	1	0	1	1	1	
YKR091W	0	0	1	1	1	1	1	0	0	0	0	0	
YKR099W	0	0	0	0	1	1	1	1	1	0	0	0	
YLL001W	1	1	0	0	0	0	0	0	1	1	1	1	
YLL002W	1	1	0	0	0	0	0	0	1	1	1	1	
YLL004W	0	0	0	0	0	0	0	1	0	0	0	0	
YLL010C	0	0	0	0	0	0	1	1	0	0	0	0	
YLL015W	1	1	1	1	1	1	1	0	0	0	0	0	
YLL021W	1	0	0	0	0	0	0	0	1	1	1	1	
YLL022C	1	0	0	0	0	0	1	1	0	1	1	1	
YLL023C	0	1	1	1	1	1	1	0	0	0	0	0	
YLL026W	0	1	1	1	1	1	1	0	0	0	0	0	
YLL027W	0	0	0	0	0	0	1	0	1	0	1	0	
YLL028W	0	0	0	1	1	1	1	1	0	0	0	0	
YLL032C	1	1	1	0	0	0	0	0	0	0	1	1	
YLL033W	0	0	0	0	1	1	0	1	1	0	0	0	
YLL036C	0	0	0	0	0	0	0	1	1	0	0	0	
YLL038C	1	0	1	0	1	0	0	1	1	0	0	0	
YLL040C	1	1	1	1	1	1	1	0	0	0	0	0	
YLL041C	1	1	1	0	0	0	0	0	0	0	0	0	
YLL048C	0	0	1	0	0	1	1	1	1	0	0	0	
YLL051C	1	0	0	0	0	0	1	1	1	0	1	1	
YLL056C	0	0	1	1	1	1	1	1	0	0	0	0	
YLL062C	1	0	0	0	0	0	0	0	1	1	1	1	
YLR004C	0	0	0	0	0	0	0	1	1	0	1	1	
YLR006C	0	1	1	1	1	1	1	0	0	0	1	0	
YLR007W	0	1	1	0	1	1	1	1	0	0	0	0	
YLR008C	1	0	0	0	0	0	0	1	1	1	1	1	
YLR009W	0	0	0	0	0	0	0	1	1	0	0	0	
YLR011W	1	1	1	1	1	1	1	0	0	0	0	1	
YLR015W	1	0	1	0	0	0	1	1	0	0	0	1	
YLR016C	0	0	0	0	0	0	1	1	1	0	0	0	
YLR024C	1	0	0	0	0	1	1	1	0	1	0	1	
YLR026C	1	0	0	0	0	0	0	1	1	1	1	1	
YLR027C	1	0	0	0	0	0	0	0	0	1	1	1	
YLR028C	0	0	1	1	1	1	1	1	0	0	0	0	
YLR031W	0	0	0	1	1	1	1	1	0	0	0	0	
YLR034C	1	0	1	0	0	0	0	0	1	0	1	1	
YLR036C	1	1	1	1	1	0	0	0	0	0	1	1	
YLR037C	1	1	1	1	1	0	0	0	0	0	0	0	
YLR038C	1	1	1	0	0	0	0	0	0	0	0	0	
YLR039C	1	1	1	1	1	1	1	0	0	0	1	1	
YLR044C	1	0	0	0	1	0	1	1	1	0	0	0	
YLR045C	1	1	1	0	0	0	0	0	0	1	1	1	
YLR049C	0	1	1	1	1	0	0	0	0	1	1	1	
YLR051C	0	0	0	0	0	0	0	1	1	0	0	1	
YLR052W	0	0	1	1	1	0	0	1	1	0	0	0	
YLR053C	1	1	0	0	1	0	0	0	0	0	0	0	
YLR054C	1	0	0	0	0	0	0	1	1	1	1	1	
YLR056W	0	0	0	0	0	0	1	1	1	1	1	1	
YLR058C	0	0	0	0	0	0	0	1	1	1	0	0	
YLR059C	1	1	1	0	0	0	0	1	1	1	1	0	
YLR060W	0	0	0	0	0	0	0	1	1	0	0	0	
YLR063W	0	0	0	0	0	0	0	1	1	0	0	0	
YLR065C	0	0	0	0	0	0	0	1	1	1	1	1	
YLR067C	1	0	0	0	0	0	0	0	1	1	1	1	
YLR070C	0	1	1	1	1	1	1	0	0	0	0	0	
YLR074C	0	0	0	0	0	0	0	1	1	0	0	0	
YLR076C	1	0	1	0	1	1	0	0	0	0	0	0	
YLR077W	1	1	0	0	0	0	0	0	0	1	1	1	
YLR079W	0	1	1	1	1	0	0	0	0	0	0	0	
YLR080W	0	1	1	1	1	1	1	0	0	0	0	0	
YLR081W	0	1	1	1	1	0	0	0	1	0	0	0	
YLR083C	0	0	0	0	0	0	0	1	1	1	1	1	
YLR086W	1	0	0	0	0	0	1	1	0	1	1	1	
YLR088W	0	0	0	0	1	1	1	1	0	1	1	1	
YLR090W	1	0	0	0	0	0	0	0	1	1	1	1	
YLR092W	0	0	0	0	0	0	0	1	1	1	1	1	
YLR093C	0	1	1	1	1	1	0	0	0	0	0	0	
YLR100W	1	0	0	0	0	0	0	0	0	0	1	1	
YLR102C	1	1	1	1	1	0	0	0	0	0	0	0	
YLR103C	0	0	0	0	0	0	0	0	1	1	1	1	
YLR105C	1	0	0	0	0	0	0	1	1	1	1	0	
YLR106C	0	0	0	0	0	0	0	1	1	0	0	0	
YLR108C	0	1	1	1	1	1	1	0	0	0	0	0	
YLR109W	0	0	1	1	1	1	1	0	0	0	0	0	
YLR113W	1	1	1	0	0	0	0	1	1	0	1	1	
YLR116W	0	0	0	1	1	1	1	1	1	0	0	0	
YLR124W	1	1	1	1	0	0	1	0	1	0	0	0	
YLR125W	1	0	1	1	1	1	0	0	0	0	0	0	
YLR131C	1	1	1	1	0	0	0	0	0	0	0	1	
YLR132C	1	0	1	0	0	0	0	0	0	0	1	1	
YLR133W	1	0	1	0	0	0	0	0	0	0	1	1	
YLR136C	1	1	0	0	0	0	0	0	0	1	0	0	
YLR138W	0	0	0	0	0	0	1	1	1	0	0	0	
YLR141W	1	1	1	1	1	1	1	0	0	0	0	0	
YLR143W	0	0	0	0	1	1	1	1	1	0	0	0	
YLR144C	1	0	0	0	0	0	0	1	1	1	1	1	
YLR150W	0	0	0	0	0	0	0	1	1	1	1	0	
YLR152C	1	0	0	0	1	1	1	1	0	0	0	0	
YLR153C	1	0	0	0	0	0	0	0	0	1	1	1	
YLR163C	1	0	0	0	0	0	0	0	0	1	1	1	
YLR168C	1	0	0	0	0	0	0	0	1	1	1	1	
YLR175W	0	0	0	0	0	0	0	1	1	0	0	0	
YLR176C	1	0	0	0	0	0	0	1	1	1	1	1	
YLR177W	1	1	0	0	0	0	0	0	0	0	0	0	
YLR178C	0	1	1	1	1	1	1	0	0	0	0	0	
YLR180W	1	0	0	0	0	0	0	1	1	0	1	1	
YLR181C	1	1	1	0	0	0	1	0	0	0	0	0	
YLR182W	1	1	1	0	0	0	0	0	0	0	1	1	
YLR183C	1	0	0	0	0	0	0	0	0	1	1	1	
YLR187W	1	0	0	0	0	0	1	0	1	1	1	1	
YLR190W	1	1	1	1	0	0	0	0	0	0	0	1	
YLR191W	1	0	0	0	0	0	0	1	0	1	1	1	
YLR194C	0	1	1	1	1	0	0	0	0	0	0	0	
YLR197W	0	0	0	0	0	0	0	1	1	0	0	1	
YLR198C	0	0	0	0	0	0	0	1	1	0	0	0	
YLR202C	1	1	0	0	0	0	0	0	0	1	1	1	
YLR203C	1	1	0	0	0	0	0	0	0	1	1	1	
YLR206W	1	1	1	1	1	0	0	0	1	0	0	0	
YLR208W	1	1	1	0	1	0	1	0	0	0	0	0	
YLR209C	1	1	0	0	0	0	0	0	1	1	1	1	
YLR211C	0	1	1	1	1	1	1	0	0	0	0	0	
YLR212C	1	0	0	0	0	0	0	0	1	1	1	1	
YLR215C	0	0	0	0	0	0	1	1	1	0	0	0	
YLR216C	0	0	0	1	1	1	1	0	0	0	0	0	
YLR217W	0	1	1	1	1	1	1	0	0	0	0	0	
YLR218C	1	1	1	0	0	0	0	0	0	1	1	1	
YLR219W	1	1	1	1	1	1	1	0	0	0	0	0	
YLR223C	0	0	0	0	0	0	0	1	1	0	0	0	
YLR224W	1	0	0	0	0	0	1	1	1	0	0	0	
YLR226W	0	0	0	0	0	0	0	1	1	0	1	0	
YLR227C	0	1	1	1	1	0	0	1	1	0	0	0	
YLR228C	1	1	1	1	1	1	0	0	0	0	0	0	
YLR229C	1	0	0	0	0	0	0	1	1	1	1	1	
YLR237W	0	0	0	0	0	0	1	1	1	0	0	0	
YLR239C	1	1	0	0	0	0	0	0	0	1	1	1	
YLR241W	1	1	1	1	1	1	1	0	0	0	0	0	
YLR243W	0	0	0	0	0	0	1	1	1	0	0	0	
YLR245C	0	0	0	0	1	0	0	1	1	0	0	1	
YLR248W	1	0	0	1	1	0	1	0	1	0	0	0	
YLR249W	0	0	0	0	0	0	0	1	1	0	1	1	
YLR252W	0	1	1	1	1	1	1	0	0	0	0	0	
YLR253W	1	0	0	0	0	0	0	0	0	1	1	1	
YLR254C	0	1	1	1	1	1	1	1	0	0	0	0	
YLR257W	0	0	0	0	0	0	0	0	1	1	0	1	
YLR258W	0	1	1	1	1	1	0	0	0	0	0	0	
YLR259C	1	1	0	0	0	0	0	0	0	0	1	0	
YLR264W	0	0	0	0	0	0	0	1	1	1	1	0	
YLR267W	0	1	1	1	1	1	1	0	0	0	0	0	
YLR270W	0	1	1	1	1	1	1	0	0	0	0	0	
YLR271W	1	1	1	1	1	1	1	0	0	0	0	0	
YLR273C	0	1	1	1	1	1	1	0	0	0	0	0	
YLR274W	0	0	1	0	0	0	0	1	1	1	0	0	
YLR278C	0	1	1	0	1	0	1	1	1	0	0	0	
YLR281C	1	1	1	1	1	1	0	0	0	0	0	0	
YLR284C	0	1	1	1	1	1	0	0	0	0	0	0	
YLR285W	1	0	0	0	0	0	0	1	1	1	1	1	
YLR287C	0	0	0	0	1	0	1	1	1	0	0	0	
YLR288C	0	0	0	1	1	1	1	1	0	0	0	0	
YLR289W	1	0	0	0	0	0	0	0	1	1	1	1	
YLR290C	0	1	1	1	1	1	1	0	0	0	0	0	
YLR291C	0	0	0	0	0	0	0	1	1	0	0	0	
YLR292C	0	0	0	0	0	0	0	1	1	1	1	1	
YLR293C	0	0	0	0	0	0	0	1	1	0	1	1	
YLR294C	1	1	1	0	0	0	0	0	0	0	1	0	
YLR295C	1	1	1	0	0	0	0	0	0	0	1	1	
YLR297W	0	1	1	1	1	1	1	0	0	0	0	0	
YLR298C	0	1	1	1	1	1	1	1	1	0	0	0	
YLR300W	0	1	1	0	0	0	0	1	0	0	1	1	
YLR301W	1	0	1	0	1	0	0	1	0	0	1	1	
YLR303W	1	0	0	0	0	0	0	0	1	0	1	0	
YLR304C	1	1	0	0	0	0	0	0	0	0	0	0	
YLR306W	0	1	1	1	1	1	0	0	0	0	0	0	
YLR312C	0	1	1	1	1	1	1	0	0	0	0	0	
YLR312W-A	1	0	0	0	0	0	0	0	0	1	1	1	
YLR313C	0	0	0	0	0	0	0	0	1	1	1	1	
YLR314C	1	1	0	0	0	0	0	0	1	1	1	1	
YLR316C	0	0	0	0	0	0	1	1	1	0	0	0	
YLR323C	0	0	0	0	0	1	1	1	1	0	0	0	
YLR325C	0	0	0	0	0	0	0	1	1	0	0	0	
YLR326W	1	0	0	0	0	0	0	1	1	1	1	1	
YLR327C	0	1	1	1	0	0	0	0	0	0	0	0	
YLR328W	1	1	1	0	0	0	0	1	1	0	1	0	
YLR329W	1	1	1	1	1	1	1	0	0	0	0	0	
YLR332W	1	0	0	0	0	0	0	1	1	1	1	1	
YLR335W	1	0	0	0	0	0	0	1	1	1	1	1	
YLR342W	0	0	0	0	0	0	0	1	1	1	1	1	
YLR345W	0	1	1	1	1	1	1	0	0	0	0	0	
YLR347C	0	0	0	1	1	0	1	1	1	0	0	0	
YLR350W	1	1	1	1	1	1	1	0	0	0	0	0	
YLR351C	1	0	0	0	0	0	0	0	0	1	1	1	
YLR352W	1	1	1	1	1	1	1	0	0	0	0	0	
YLR355C	0	0	0	0	0	0	0	1	1	0	0	0	
YLR359W	0	0	0	0	0	0	0	0	1	1	1	1	
YLR362W	0	1	1	1	1	1	1	0	0	0	0	0	
YLR370C	1	1	1	1	1	0	0	0	0	0	0	0	
YLR371W	1	1	1	1	1	1	1	0	0	0	0	0	
YLR372W	0	0	0	0	0	0	0	1	1	1	1	1	
YLR373C	1	1	1	0	0	0	0	0	0	1	1	1	
YLR376C	0	0	0	0	1	0	1	0	0	1	1	1	
YLR377C	0	1	1	1	0	0	0	0	0	0	0	0	
YLR381W	0	1	0	0	0	0	0	0	0	1	1	1	
YLR383W	1	0	0	0	0	0	0	0	0	1	1	1	
YLR389C	1	1	0	0	0	0	0	0	1	1	1	1	
YLR390W	1	0	0	0	0	0	0	0	0	1	1	1	
YLR392C	1	1	1	1	1	1	0	0	0	0	0	0	
YLR393W	1	0	1	0	0	0	0	0	1	1	1	1	
YLR394W	1	1	0	0	0	0	0	0	1	1	1	1	
YLR395C	1	1	1	0	0	0	0	0	0	0	1	0	
YLR398C	1	0	0	0	0	0	1	1	1	1	1	1	
YLR399C	0	1	1	1	1	1	1	0	0	0	0	0	
YLR401C	0	0	0	0	0	0	0	1	1	0	0	0	
YLR403W	0	0	0	0	0	0	0	1	1	0	0	0	
YLR406C	0	0	0	0	0	0	0	1	1	1	0	0	
YLR411W	0	0	0	1	1	1	1	0	0	1	1	1	
YLR412W	0	0	0	0	0	0	0	1	1	1	1	1	
YLR417W	1	1	1	1	1	0	0	0	0	0	0	1	
YLR422W	1	1	1	1	1	1	0	0	0	0	0	0	
YLR424W	0	1	1	1	1	1	0	0	0	0	1	0	
YLR425W	0	1	1	0	1	1	1	0	0	0	0	0	
YLR427W	1	1	1	1	1	1	1	0	0	0	0	0	
YLR428C	1	1	1	0	1	0	0	0	1	1	0	0	
YLR429W	1	1	1	0	0	0	0	0	1	1	1	1	
YLR432W	0	0	0	0	0	0	0	1	1	0	0	0	
YLR437C	1	1	1	0	0	0	0	1	0	0	0	0	
YLR438C-A	1	1	0	0	0	0	0	1	1	0	1	1	
YLR438W	1	1	1	0	0	0	1	0	0	0	0	0	
YLR439W	1	0	0	0	0	0	0	0	0	1	1	1	
YLR441C	0	0	0	0	0	0	0	1	1	1	0	0	
YLR446W	0	1	1	1	1	1	1	0	0	0	0	0	
YLR448W	0	0	0	0	0	0	0	1	1	1	0	0	
YLR449W	0	0	0	0	0	0	0	1	1	0	0	0	
YLR450W	0	1	1	1	1	1	1	0	0	0	0	0	
YLR452C	0	1	1	1	1	1	0	0	0	0	1	0	
YLR454W	0	1	1	1	1	1	1	0	0	0	0	0	
YLR455W	0	1	0	0	0	0	0	1	1	0	1	1	
YML006C	1	0	0	0	0	0	0	1	1	0	0	0	
YML007W	0	1	1	1	1	1	1	0	0	0	0	0	
YML008C	0	1	1	1	0	0	0	0	0	0	0	0	
YML009C	1	0	0	0	0	0	0	0	0	1	1	1	
YML011C	0	0	0	0	0	0	0	1	1	1	1	1	
YML014W	0	0	0	0	0	0	1	1	1	0	0	0	
YML015C	0	0	1	0	0	0	1	1	1	0	0	0	
YML021C	0	0	0	0	0	0	0	1	1	1	1	1	
YML022W	0	0	0	0	0	0	0	1	1	0	0	0	
YML025C	1	1	0	0	0	0	0	0	0	1	1	1	
YML027W	0	0	0	0	0	0	0	0	1	1	1	1	
YML028W	1	1	1	1	1	0	0	0	0	0	0	0	
YML034W	1	1	1	1	1	1	1	0	0	0	0	0	
YML035C	0	0	0	0	0	0	0	1	1	0	0	0	
YML042W	1	1	1	0	0	0	0	0	0	0	0	0	
YML043C	0	0	0	0	0	0	0	1	0	0	0	0	
YML051W	1	1	0	0	0	0	0	0	1	0	1	1	
YML054C	1	1	1	1	1	0	0	0	0	0	0	0	
YML055W	0	0	0	0	0	0	0	1	1	1	1	1	
YML056C	0	0	0	0	0	0	0	1	1	0	0	0	
YML058W	1	1	1	1	0	0	0	0	0	0	0	1	
YML059C	1	1	0	0	0	0	0	0	1	1	1	1	
YML060W	0	0	0	0	0	0	0	1	1	1	1	1	
YML061C	0	0	0	0	0	0	0	1	1	1	1	1	
YML062C	0	0	0	0	0	0	0	1	1	1	1	1	
YML064C	1	1	1	1	0	0	1	1	0	0	0	0	
YML065W	1	0	0	0	0	0	0	0	0	0	1	1	
YML067C	0	0	0	0	0	0	0	1	1	1	1	1	
YML071C	1	0	0	0	0	0	1	1	1	1	1	0	
YML074C	0	0	0	0	0	0	0	1	1	1	0	0	
YML075C	0	1	1	1	1	1	1	0	0	0	0	0	
YML078W	1	1	0	0	0	0	0	0	0	0	1	1	
YML079W	0	1	1	1	0	1	0	1	0	0	0	0	
YML081C-A	1	1	1	1	0	0	0	0	0	0	1	0	
YML085C	1	1	1	0	0	0	0	0	0	0	1	1	
YML091C	1	0	0	0	0	0	0	0	1	1	1	1	
YML093W	0	0	0	0	0	0	0	1	1	0	0	0	
YML094W	0	0	0	0	0	0	0	1	1	1	1	1	
YML098W	0	0	0	1	1	1	1	1	0	0	0	0	
YML099C	0	0	0	0	0	0	1	1	1	0	0	1	
YML100W	0	1	1	1	1	0	0	0	0	0	0	0	
YML101C	0	1	1	1	1	0	0	0	0	0	0	0	
YML102W	1	0	0	0	0	0	0	0	1	1	1	1	
YML105C	0	0	0	0	0	0	0	1	1	1	0	0	
YML108W	0	0	0	0	0	1	0	1	1	0	0	0	
YML109W	1	1	1	0	0	0	0	0	0	1	1	1	
YML110C	1	1	1	0	0	0	0	0	0	0	0	0	
YML115C	0	0	0	0	0	0	0	1	1	1	1	0	
YML116W	0	0	0	0	0	0	1	1	1	0	0	0	
YML119W	1	1	1	1	1	0	0	1	0	0	0	0	
YML121W	0	0	0	0	1	1	1	1	0	0	0	0	
YML123C	1	0	0	0	0	0	0	1	1	1	1	1	
YML124C	1	0	0	0	0	0	0	0	0	1	1	1	
YML125C	0	0	0	0	0	0	1	1	0	0	0	0	
YML126C	0	1	1	1	1	0	1	0	0	0	0	0	
YML127W	1	0	0	0	0	0	0	1	1	1	1	1	
YML129C	1	1	0	0	0	0	0	0	0	1	1	1	
YML130C	0	0	0	0	0	0	1	1	1	0	0	0	
YML133C	0	0	0	0	0	0	0	0	1	1	1	1	
YMR001C	1	1	1	1	0	0	0	0	0	0	0	1	
YMR002W	1	1	0	0	0	0	0	0	0	0	1	1	
YMR003W	1	0	0	0	0	0	0	0	0	1	1	1	
YMR009W	1	0	1	1	1	1	0	1	0	0	0	0	
YMR010W	0	0	0	0	0	0	0	1	1	0	1	1	
YMR011W	0	1	1	0	0	0	0	1	1	0	0	0	
YMR012W	1	0	0	0	0	0	0	0	0	1	1	1	
YMR013C	0	0	1	0	1	0	0	0	1	1	1	0	
YMR017W	0	1	1	1	1	1	1	0	0	0	0	0	
YMR019W	1	0	0	0	0	0	1	1	0	1	1	1	
YMR022W	1	1	1	0	0	0	0	0	1	1	0	0	
YMR023C	1	1	0	0	0	0	0	0	1	1	1	1	
YMR024W	1	0	0	0	0	0	0	0	0	1	1	1	
YMR025W	0	1	1	1	1	1	1	0	0	1	0	0	
YMR030W	1	1	1	1	0	0	0	0	0	0	0	0	
YMR031C	0	1	1	1	1	0	0	0	0	0	0	0	
YMR032W	1	1	1	1	0	0	0	0	0	0	0	0	
YMR033W	0	0	0	0	0	0	0	1	1	1	1	1	
YMR036C	0	1	1	1	1	1	0	0	0	0	0	0	
YMR038C	0	0	0	0	0	0	1	1	1	0	0	0	
YMR039C	1	0	0	0	0	0	0	1	1	1	1	1	
YMR041C	0	1	1	1	1	1	0	0	0	0	0	0	
YMR042W	1	0	0	0	0	0	1	1	1	0	0	0	
YMR043W	0	1	1	1	0	0	0	1	1	0	0	0	
YMR047C	0	1	1	1	0	0	0	0	1	0	1	0	
YMR048W	1	0	0	0	0	0	0	0	1	1	1	1	
YMR049C	0	0	0	0	0	0	0	1	1	0	0	0	
YMR054W	1	1	0	0	0	0	0	0	1	1	1	1	
YMR055C	0	0	1	1	1	1	1	1	0	0	0	0	
YMR056C	1	1	1	0	0	0	0	0	0	0	0	0	
YMR058W	1	0	0	0	0	0	0	0	1	1	1	1	
YMR059W	0	0	1	1	0	1	1	1	1	0	0	0	
YMR061W	0	1	1	1	1	0	0	0	1	0	0	0	
YMR065W	0	1	1	0	1	0	1	0	0	0	1	1	
YMR068W	0	1	1	1	1	0	1	0	0	0	0	0	
YMR071C	0	0	0	1	1	1	1	1	0	0	0	0	
YMR075W	0	0	0	1	1	1	0	0	1	0	1	0	
YMR076C	0	1	0	0	0	0	0	0	0	1	1	1	
YMR078C	1	0	0	0	0	0	0	0	1	1	1	1	
YMR083W	1	0	0	0	0	0	0	0	1	0	1	1	
YMR089C	1	1	0	0	0	0	0	0	0	1	1	1	
YMR090W	0	1	1	1	1	1	1	0	0	0	0	0	
YMR092C	1	1	1	1	1	0	0	0	0	0	0	0	
YMR093W	0	0	0	0	0	0	0	1	1	0	0	0	
YMR094W	1	0	0	0	0	0	0	0	0	1	1	1	
YMR095C	0	0	0	0	0	0	1	1	1	1	1	0	
YMR096W	0	0	0	0	0	0	0	0	1	1	1	0	
YMR097C	1	1	1	0	1	0	0	0	0	1	1	1	
YMR100W	0	0	1	1	1	1	1	1	0	0	0	0	
YMR101C	0	1	1	1	0	0	1	1	0	0	0	0	
YMR102C	0	1	1	1	1	1	1	1	0	0	0	0	
YMR104C	1	1	1	1	1	1	1	0	0	0	0	0	
YMR105C	0	1	0	1	1	1	0	0	0	0	0	0	
YMR106C	1	0	1	0	0	0	0	1	0	1	1	1	
YMR108W	0	0	0	0	0	0	1	1	1	0	1	1	
YMR109W	1	1	1	1	1	0	0	0	0	0	0	0	
YMR110C	0	1	1	1	1	1	1	0	0	0	0	0	
YMR112C	0	1	1	1	1	1	0	0	0	0	0	0	
YMR116C	0	0	0	0	0	0	0	1	1	1	0	0	
YMR118C	0	0	0	0	1	1	1	1	0	0	0	0	
YMR119W	0	1	1	1	1	1	1	0	0	0	0	0	
YMR120C	0	0	0	0	0	0	0	0	1	1	0	1	
YMR123W	0	0	0	0	0	0	0	1	1	0	0	0	
YMR127C	0	0	0	0	0	0	0	1	1	1	1	1	
YMR128W	0	0	0	0	0	0	0	1	1	0	0	0	
YMR131C	0	0	0	0	0	0	0	1	1	0	0	0	
YMR132C	1	0	0	0	0	0	0	1	1	1	1	1	
YMR135C	0	1	1	1	1	1	0	0	0	0	0	0	
YMR137C	0	0	1	1	1	1	1	0	0	0	1	0	
YMR138W	0	0	0	0	1	1	1	1	0	0	0	1	
YMR139W	0	1	1	1	1	0	0	0	0	0	0	0	
YMR140W	1	1	1	1	1	1	1	0	0	0	0	0	
YMR141C	1	1	1	1	1	1	1	0	0	0	0	0	
YMR142C	0	0	0	0	0	0	0	1	1	1	1	1	
YMR144W	1	0	0	0	0	0	0	0	1	1	1	1	
YMR145C	1	0	0	0	0	0	0	0	1	0	1	1	
YMR146C	0	0	0	0	0	0	0	1	1	1	0	0	
YMR147W	0	1	1	1	0	1	1	1	0	0	0	0	
YMR150C	1	1	1	1	1	0	0	0	0	1	0	0	
YMR151W	0	1	1	1	0	1	1	1	0	0	0	0	
YMR152W	0	1	1	1	1	1	1	0	0	0	0	0	
YMR157C	1	0	0	0	0	0	0	0	0	1	1	1	
YMR158W	1	0	0	0	0	0	0	0	0	1	1	1	
YMR159C	0	0	1	1	1	1	1	1	0	0	0	0	
YMR165C	0	1	1	1	1	1	1	0	0	0	0	0	
YMR173W	0	0	0	1	1	1	1	0	0	0	0	0	
YMR177W	0	0	0	0	0	0	0	1	1	1	1	1	
YMR178W	0	1	1	1	1	0	1	0	0	0	0	0	
YMR179W	1	0	0	0	0	0	0	0	1	1	1	1	
YMR180C	1	1	1	1	1	1	1	0	0	0	0	0	
YMR181C	0	1	1	1	1	1	1	1	0	0	0	0	
YMR188C	1	1	0	0	0	0	0	0	0	1	1	1	
YMR193W	1	0	0	0	0	0	0	0	0	1	1	1	
YMR197C	0	1	1	1	1	1	1	0	0	0	0	0	
YMR198W	1	1	1	0	0	0	0	0	0	1	1	1	
YMR199W	1	1	0	0	0	0	0	0	0	1	1	1	
YMR200W	0	1	1	0	0	0	1	1	1	0	0	0	
YMR203W	1	1	0	0	0	0	0	0	0	1	1	1	
YMR206W	0	1	1	1	1	0	0	0	0	0	0	0	
YMR207C	0	1	1	1	1	0	1	0	0	0	0	0	
YMR210W	1	1	0	0	0	0	0	0	0	0	0	1	
YMR211W	0	1	1	1	1	1	1	1	0	0	0	0	
YMR214W	0	0	0	0	0	0	1	1	1	1	1	1	
YMR215W	1	0	0	0	0	0	0	0	1	1	1	1	
YMR216C	1	0	1	0	1	0	0	1	1	0	0	1	
YMR225C	1	0	0	0	0	0	0	0	0	1	1	1	
YMR226C	1	1	1	0	0	0	0	0	1	0	0	0	
YMR228W	1	1	0	0	0	0	0	0	0	1	1	1	
YMR232W	1	1	1	1	1	1	1	0	0	0	0	0	
YMR234W	0	0	0	1	0	0	0	1	1	1	0	1	
YMR236W	1	0	0	0	0	0	0	1	1	1	1	1	
YMR237W	1	1	1	1	0	0	0	0	0	0	0	0	
YMR240C	0	0	0	0	0	0	0	1	1	1	1	1	
YMR241W	0	0	0	0	0	0	0	1	1	1	1	1	
YMR243C	0	0	0	0	0	0	0	1	1	0	0	0	
YMR246W	0	1	1	1	1	1	0	0	0	0	0	0	
YMR250W	0	1	1	1	1	1	1	1	0	0	0	0	
YMR257C	1	1	1	0	0	0	0	0	1	1	1	1	
YMR258C	0	1	1	1	1	1	1	0	0	0	0	0	
YMR260C	0	0	0	0	0	0	0	1	1	1	1	1	
YMR261C	1	1	1	1	0	0	0	0	0	0	0	0	
YMR263W	1	0	0	0	0	0	0	1	1	1	1	1	
YMR266W	0	0	0	0	0	0	1	1	1	0	0	0	
YMR267W	1	1	1	0	0	0	0	0	0	1	1	1	
YMR268C	0	1	0	0	0	0	1	1	1	0	0	0	
YMR269W	0	0	0	0	0	0	0	1	1	0	0	0	
YMR271C	0	1	1	1	1	1	1	0	0	0	0	0	
YMR274C	1	1	1	0	0	0	0	1	1	0	1	1	
YMR276W	0	1	1	1	1	0	0	0	0	0	0	0	
YMR277W	0	0	0	0	0	0	0	1	1	1	1	1	
YMR279C	1	1	1	1	1	0	0	0	0	0	0	0	
YMR282C	1	1	0	0	0	0	0	0	1	1	1	1	
YMR284W	1	1	1	1	1	1	1	0	0	0	0	0	
YMR285C	0	0	0	0	0	0	0	1	1	1	1	0	
YMR287C	1	0	0	0	0	0	0	0	0	1	1	1	
YMR289W	1	1	1	1	1	0	0	1	0	0	1	0	
YMR291W	1	1	1	1	1	1	1	0	0	0	0	0	
YMR292W	0	0	0	0	0	0	0	0	0	1	1	1	
YMR293C	1	0	0	0	0	0	0	0	0	1	1	1	
YMR295C	1	0	0	0	0	0	0	0	1	1	1	1	
YMR296C	0	0	0	0	0	0	0	1	1	0	0	0	
YMR297W	0	1	1	1	1	1	1	0	0	0	0	0	
YMR300C	0	0	0	0	0	0	0	1	1	0	1	1	
YMR302C	1	1	1	1	0	0	0	0	0	0	0	1	
YMR303C	0	1	1	1	1	0	0	0	0	0	0	0	
YMR304W	0	1	1	1	1	1	1	0	0	0	0	0	
YMR307W	1	0	0	0	0	0	0	0	1	1	1	1	
YMR308C	0	0	0	0	0	0	0	1	1	0	0	0	
YMR309C	0	0	0	0	0	0	0	1	1	1	1	1	
YMR310C	0	0	0	0	0	0	0	1	1	0	0	0	
YMR311C	0	1	1	1	1	0	0	0	0	0	0	0	
YMR312W	0	0	0	0	0	0	0	1	1	0	1	1	
YMR313C	1	1	1	1	1	1	1	0	0	0	0	0	
YMR322C	0	1	1	1	1	1	1	0	0	0	0	0	
YNL001W	0	0	0	0	0	0	0	1	1	1	1	1	
YNL003C	1	1	1	1	1	1	0	0	0	0	0	0	
YNL005C	1	0	0	0	0	0	0	0	0	1	1	1	
YNL007C	0	0	1	1	1	1	1	0	0	0	0	0	
YNL008C	0	1	1	1	1	1	0	0	0	0	0	0	
YNL009W	0	1	1	1	1	1	1	0	0	0	0	0	
YNL011C	1	1	1	1	1	0	0	0	0	0	0	0	
YNL012W	0	1	1	1	1	1	0	0	0	0	0	0	
YNL013C	0	0	1	1	1	1	1	1	0	0	0	0	
YNL014W	0	0	0	1	1	1	1	0	0	0	0	0	
YNL016W	0	0	0	0	0	0	0	1	1	1	1	1	
YNL021W	0	0	0	0	0	0	0	1	1	1	1	0	
YNL023C	0	0	0	0	1	1	1	1	1	0	0	0	
YNL025C	0	1	0	1	1	1	1	0	0	0	0	0	
YNL027W	0	1	1	1	0	0	0	0	0	0	0	1	
YNL031C	1	1	1	0	0	0	0	0	0	0	1	0	
YNL032W	0	0	1	1	1	1	0	1	1	0	0	0	
YNL035C	1	0	0	0	0	0	0	1	1	1	1	1	
YNL036W	0	1	1	1	1	1	0	0	0	0	0	0	
YNL037C	1	0	0	0	0	0	0	0	0	1	1	1	
YNL042W	0	0	0	0	0	0	0	1	1	0	0	0	
YNL044W	1	0	1	1	0	0	0	0	0	0	1	1	
YNL045W	0	1	1	1	1	1	1	0	0	0	0	0	
YNL046W	0	1	1	1	1	0	0	0	0	0	0	0	
YNL047C	1	1	1	1	1	0	0	0	0	0	0	1	
YNL051W	1	1	1	1	1	1	0	0	0	0	0	0	
YNL055C	1	1	1	1	0	0	0	0	0	0	0	0	
YNL058C	1	1	1	1	1	0	0	0	0	0	0	0	
YNL061W	0	0	0	0	0	0	0	1	1	0	0	0	
YNL062C	0	0	0	0	0	0	0	1	1	0	0	0	
YNL064C	0	0	0	1	1	1	1	1	1	0	0	0	
YNL066W	0	0	1	1	1	0	0	0	0	0	0	0	
YNL068C	0	0	0	0	0	1	0	1	1	0	1	1	
YNL070W	0	0	0	0	0	0	0	0	0	1	1	1	
YNL071W	0	1	1	1	0	0	0	0	0	0	0	0	
YNL073W	1	1	0	0	0	0	0	0	0	1	1	1	
YNL075W	0	0	0	0	0	0	1	1	1	0	0	0	
YNL077W	0	0	1	1	1	1	1	0	0	0	0	0	
YNL078W	0	1	1	1	1	1	0	0	0	0	0	0	
YNL079C	1	1	1	1	0	0	0	0	0	1	1	1	
YNL081C	1	1	0	0	0	0	0	0	0	1	1	1	
YNL082W	0	0	1	0	0	0	0	0	0	1	1	1	
YNL086W	0	0	1	1	1	1	1	1	0	0	0	0	
YNL088W	1	1	0	0	0	0	0	1	0	1	1	1	
YNL091W	0	1	1	1	1	1	1	0	0	0	0	0	
YNL092W	0	0	0	1	1	1	1	1	0	0	0	0	
YNL093W	0	1	1	1	1	1	1	0	0	0	0	0	
YNL096C	0	0	0	0	0	0	0	1	1	1	0	0	
YNL098C	1	1	1	0	0	0	0	0	0	0	0	0	
YNL101W	1	0	0	0	0	0	0	0	1	1	1	1	
YNL102W	0	0	0	0	0	0	0	0	1	1	1	1	
YNL103W	0	0	1	1	1	1	1	1	1	0	0	0	
YNL110C	0	0	0	0	0	0	0	1	1	0	0	0	
YNL112W	0	0	0	0	0	0	0	1	1	0	0	0	
YNL116W	0	1	1	1	1	1	1	0	0	0	0	0	
YNL118C	0	1	0	1	1	1	1	0	0	0	0	0	
YNL121C	1	1	0	0	0	0	0	0	0	1	1	1	
YNL124W	0	0	0	0	0	0	1	1	1	0	0	0	
YNL125C	0	1	1	1	1	0	1	0	0	0	0	0	
YNL126W	0	1	0	0	0	0	0	0	0	1	1	1	
YNL128W	0	0	0	0	0	0	1	1	1	0	1	0	
YNL130C	0	0	1	1	1	0	0	0	0	0	1	1	
YNL131W	1	1	1	0	0	0	0	0	0	0	1	1	
YNL134C	0	0	0	1	1	1	1	0	0	0	0	0	
YNL137C	1	0	0	0	0	0	0	0	0	1	1	1	
YNL141W	0	0	0	0	0	0	0	1	1	0	0	0	
YNL148C	1	0	0	0	1	1	1	1	0	0	0	0	
YNL154C	1	1	1	0	0	0	0	1	1	1	1	0	
YNL158W	0	0	1	1	1	1	1	1	0	0	0	0	
YNL159C	0	1	1	1	1	1	1	0	0	0	0	0	
YNL160W	0	1	0	1	1	1	1	1	0	0	0	0	
YNL163C	0	0	0	0	0	0	0	1	1	0	0	0	
YNL164C	0	0	1	1	1	1	1	1	1	0	0	0	
YNL166C	0	0	0	0	0	0	0	1	1	1	1	1	
YNL169C	1	0	1	0	0	0	0	0	0	1	1	1	
YNL173C	0	1	1	1	1	1	0	0	0	0	0	0	
YNL175C	0	0	0	0	0	0	0	1	1	0	0	0	
YNL178W	0	0	0	0	0	0	0	1	1	0	1	0	
YNL180C	0	1	1	1	1	1	1	0	0	0	0	0	
YNL181W	1	0	0	0	0	0	0	1	0	1	1	1	
YNL185C	1	1	0	0	0	0	0	0	1	1	1	1	
YNL186W	0	0	0	0	0	0	1	1	1	0	0	0	
YNL188W	0	1	1	0	0	0	0	1	0	1	1	0	
YNL189W	0	1	1	1	0	0	1	1	1	0	0	0	
YNL190W	0	0	0	1	1	1	1	1	1	0	0	0	
YNL191W	0	0	1	0	0	0	0	1	0	0	0	0	
YNL192W	0	1	1	1	1	0	0	0	0	0	0	0	
YNL194C	0	0	1	1	1	1	1	0	0	0	0	0	
YNL196C	0	1	1	1	1	1	1	0	0	0	0	0	
YNL201C	0	0	0	0	0	0	0	1	1	0	1	0	
YNL202W	0	1	1	1	1	0	0	0	0	0	0	0	
YNL208W	0	1	1	1	1	0	0	0	0	0	0	0	
YNL212W	0	1	1	1	1	1	1	0	0	0	0	0	
YNL213C	1	0	0	0	0	0	0	0	0	1	1	1	
YNL214W	1	1	1	1	1	1	0	0	0	0	0	0	
YNL215W	0	1	1	1	1	0	1	0	0	0	0	0	
YNL216W	0	1	1	1	0	0	0	0	1	0	1	1	
YNL217W	1	0	0	0	0	0	0	1	1	1	1	1	
YNL220W	0	0	0	0	0	0	0	1	1	0	0	1	
YNL221C	0	0	0	0	0	0	1	1	1	0	1	1	
YNL222W	1	1	1	1	1	0	0	0	1	0	0	0	
YNL223W	0	1	1	1	1	0	1	0	0	0	0	0	
YNL224C	0	0	1	1	1	1	1	1	0	1	0	0	
YNL225C	1	1	1	0	0	0	0	0	0	1	1	1	
YNL230C	0	1	1	1	1	1	1	0	0	0	0	0	
YNL232W	0	0	0	0	0	0	0	1	1	0	0	0	
YNL233W	0	0	0	0	0	0	0	0	1	1	1	1	
YNL234W	0	1	1	0	0	0	0	1	1	0	0	0	
YNL237W	0	1	1	1	1	1	0	0	0	0	0	0	
YNL239W	0	1	1	1	1	0	0	0	0	0	0	0	
YNL244C	0	0	0	0	1	0	0	1	1	0	0	0	
YNL246W	1	0	1	1	1	1	1	0	0	0	1	1	
YNL250W	0	0	0	1	1	1	1	1	0	0	0	0	
YNL251C	0	1	0	0	0	0	0	0	1	0	0	0	
YNL252C	1	0	0	0	0	0	0	0	0	1	1	1	
YNL255C	0	0	0	0	0	0	0	1	1	0	0	0	
YNL257C	1	1	1	1	1	0	1	0	0	0	1	0	
YNL262W	1	0	0	0	0	0	0	0	1	1	1	1	
YNL263C	0	0	1	0	0	0	0	0	1	1	1	0	
YNL265C	0	1	1	1	1	0	1	0	0	0	0	0	
YNL273W	1	0	0	0	0	0	0	0	1	1	1	1	
YNL275W	0	1	1	1	1	1	1	0	0	0	0	0	
YNL277W	0	0	0	0	0	0	0	1	1	1	1	1	
YNL278W	1	1	0	0	0	0	0	0	1	1	1	1	
YNL281W	0	0	0	1	1	1	1	1	0	1	0	0	
YNL282W	0	0	0	0	0	0	0	1	1	0	0	0	
YNL284C	1	0	0	0	0	0	0	0	0	1	1	1	
YNL285W	1	1	1	1	1	0	1	0	0	0	0	0	
YNL288W	0	1	1	1	0	0	1	0	1	0	0	0	
YNL290W	1	0	0	0	0	0	0	1	1	1	1	1	
YNL291C	1	0	0	0	0	0	0	1	1	1	1	1	
YNL292W	0	0	0	0	0	0	0	1	1	1	1	1	
YNL298W	0	0	0	0	0	0	0	1	1	1	1	1	
YNL300W	0	0	0	0	0	0	0	0	0	1	1	1	
YNL306W	1	1	0	0	0	0	0	0	0	1	1	1	
YNL307C	0	1	1	1	1	0	0	0	0	0	0	0	
YNL309W	1	0	0	0	0	0	0	0	1	1	1	0	
YNL312W	0	0	0	0	0	0	0	0	0	1	1	1	
YNL315C	1	0	0	0	0	0	0	0	0	1	1	1	
YNL317W	0	1	1	1	1	0	1	1	1	0	0	0	
YNL321W	1	1	1	1	0	0	0	0	0	0	0	0	
YNL323W	1	0	0	0	0	0	0	1	1	1	1	1	
YNL326C	0	0	0	0	0	0	0	1	1	1	0	0	
YNL329C	1	1	1	1	0	0	0	0	0	0	0	0	
YNL330C	1	1	1	0	0	0	0	0	0	1	1	1	
YNL331C	0	0	0	0	0	0	0	0	1	1	1	1	
YNL333W	1	0	0	0	0	0	0	0	0	1	1	1	
YNL334C	0	0	0	0	0	0	0	0	1	1	1	1	
YNL336W	0	1	0	1	1	1	0	0	0	0	0	0	
YNL339C	1	0	0	0	0	0	0	0	1	1	1	0	
YNR001C	1	1	1	0	0	0	0	0	0	0	1	0	
YNR002C	1	1	1	1	0	0	0	0	0	0	0	0	
YNR007C	0	1	1	1	1	1	1	0	0	0	0	0	
YNR009W	1	1	0	0	0	0	0	0	0	1	1	1	
YNR012W	0	0	0	0	0	0	0	1	1	0	0	0	
YNR013C	0	0	0	0	0	0	1	1	1	0	0	0	
YNR015W	0	0	0	0	0	0	0	1	1	1	0	0	
YNR017W	1	0	0	0	0	0	0	0	1	1	1	1	
YNR018W	0	0	0	0	0	0	0	1	1	0	1	1	
YNR019W	0	1	1	1	1	1	1	0	0	0	0	0	
YNR022C	1	1	0	0	0	0	0	0	0	1	1	1	
YNR026C	0	0	0	0	0	0	0	1	1	0	0	0	
YNR033W	1	1	0	0	0	0	0	0	0	1	1	1	
YNR034W	0	1	1	1	1	1	1	0	0	0	0	0	
YNR035C	0	1	1	1	1	1	0	0	0	0	0	0	
YNR037C	1	0	0	0	0	0	0	0	0	1	1	1	
YNR040W	1	0	0	0	0	0	0	0	0	1	1	1	
YNR041C	1	1	1	0	0	0	0	0	1	0	0	1	
YNR046W	0	0	0	0	0	0	1	1	1	0	0	0	
YNR048W	1	0	0	0	0	0	1	1	1	1	1	0	
YNR050C	0	0	0	0	0	0	0	1	1	1	1	0	
YNR053C	0	0	0	0	0	0	0	1	1	0	0	0	
YNR056C	1	1	1	0	0	0	0	0	0	0	0	0	
YNR058W	0	0	0	0	0	0	0	1	1	1	1	0	
YNR060W	0	1	1	1	1	0	1	0	0	0	0	0	
YNR061C	0	0	0	1	1	1	1	0	1	1	0	0	
YNR064C	0	0	0	1	1	1	1	1	0	1	0	0	
YNR068C	0	0	0	0	1	1	1	1	0	0	0	0	
YNR069C	0	0	0	0	1	1	1	1	0	0	0	0	
YOL001W	0	1	1	1	1	1	0	0	1	0	0	0	
YOL005C	0	1	1	1	0	0	0	0	1	0	1	0	
YOL010W	0	0	0	0	0	0	0	1	1	0	0	1	
YOL011W	1	1	1	1	0	0	0	0	0	0	0	0	
YOL012C	1	1	1	0	0	0	0	0	0	0	1	1	
YOL013C	0	1	1	1	1	1	1	0	0	0	0	0	
YOL016C	1	1	1	1	1	0	0	0	0	0	0	0	
YOL017W	0	0	0	0	0	0	0	0	1	1	1	1	
YOL018C	0	1	1	1	1	1	1	0	0	0	0	0	
YOL020W	0	0	0	0	0	0	0	1	1	1	1	1	
YOL028C	0	0	0	0	0	0	0	1	1	1	1	1	
YOL030W	1	1	0	0	0	0	0	0	1	0	1	1	
YOL031C	1	0	0	0	0	0	0	0	1	1	1	1	
YOL033W	1	0	0	0	0	0	0	0	0	1	1	1	
YOL034W	0	0	0	1	0	1	0	0	1	1	1	1	
YOL038W	0	1	1	1	1	1	1	0	0	0	0	0	
YOL044W	0	1	1	1	1	1	1	0	0	0	0	0	
YOL052C	0	0	0	0	0	0	0	1	1	1	1	1	
YOL054W	0	0	0	1	1	1	1	1	1	0	0	0	
YOL055C	0	0	0	0	0	0	0	1	1	1	1	0	
YOL058W	0	0	1	0	1	1	1	1	0	0	0	0	
YOL059W	0	0	0	0	1	1	1	1	0	0	0	0	
YOL061W	0	0	0	0	0	0	0	1	1	0	0	1	
YOL062C	1	1	0	0	0	0	0	0	1	1	1	1	
YOL064C	0	0	0	0	0	0	0	1	1	1	1	1	
YOL065C	0	1	1	1	1	1	1	0	0	0	0	0	
YOL067C	0	1	1	1	1	1	1	1	0	0	0	0	
YOL069W	0	1	1	1	0	0	0	0	0	0	1	1	
YOL070C	0	1	1	1	0	0	0	0	0	0	0	0	
YOL073C	0	1	1	1	1	1	1	0	0	0	0	0	
YOL077C	0	0	0	0	0	0	0	1	1	0	0	0	
YOL081W	0	0	0	1	1	1	1	1	0	0	0	0	
YOL082W	0	1	1	1	1	1	1	0	0	0	0	0	
YOL083W	0	1	1	1	1	1	1	0	0	0	0	0	
YOL086C	1	0	0	0	0	0	0	0	0	1	1	1	
YOL087C	0	1	1	1	1	1	1	0	0	0	0	0	
YOL088C	0	1	1	1	0	0	0	0	0	0	0	0	
YOL090W	0	0	0	0	0	0	0	0	1	1	1	1	
YOL093W	0	0	0	0	0	0	0	1	1	1	0	0	
YOL094C	0	0	0	0	0	0	1	1	1	1	0	0	
YOL099C	0	1	1	1	1	1	1	0	0	0	0	0	
YOL100W	0	1	1	1	1	1	1	0	0	0	0	0	
YOL105C	1	1	1	1	1	1	0	0	0	0	0	0	
YOL108C	0	0	1	1	1	1	0	0	0	0	1	1	
YOL111C	0	1	1	1	1	1	1	0	0	0	0	0	
YOL113W	1	1	1	1	0	0	0	0	0	0	1	1	
YOL123W	0	1	1	0	0	0	0	0	0	0	0	0	
YOL124C	0	0	0	0	0	0	0	1	1	0	0	0	
YOL126C	0	1	1	1	1	1	1	0	0	0	0	0	
YOL127W	0	0	0	0	0	0	0	1	1	1	0	0	
YOL128C	0	0	0	0	0	0	0	1	1	1	1	1	
YOL129W	0	1	1	1	1	0	1	0	0	0	0	0	
YOL130W	0	0	0	0	0	0	0	1	1	0	0	0	
YOL131W	0	1	0	1	1	1	1	1	0	0	0	0	
YOL133W	0	1	1	1	1	1	1	1	0	0	0	0	
YOL135C	0	0	1	0	0	0	1	1	1	0	1	0	
YOL136C	0	0	0	0	0	0	0	1	1	0	0	0	
YOL140W	0	0	1	1	1	1	1	1	1	0	0	0	
YOL143C	0	1	1	1	1	1	0	0	0	0	0	0	
YOL144W	0	0	0	0	0	0	0	1	1	0	0	0	
YOL149W	0	0	1	1	0	0	0	0	1	1	1	1	
YOL150C	0	0	1	1	1	1	1	1	0	0	0	0	
YOL151W	0	0	0	1	1	1	1	1	0	0	0	0	
YOL154W	0	1	1	1	1	1	1	0	0	0	0	0	
YOR003W	1	1	1	1	0	1	1	0	0	0	0	0	
YOR004W	0	0	0	0	0	0	0	1	1	0	0	0	
YOR006C	0	0	0	0	0	0	1	1	1	0	0	0	
YOR007C	0	0	0	1	1	1	1	1	0	0	0	0	
YOR008C	0	1	1	1	1	0	1	1	1	0	0	0	
YOR010C	0	1	1	1	1	0	1	0	0	0	0	0	
YOR017W	1	0	0	0	0	0	0	0	1	1	1	1	
YOR018W	0	1	1	1	1	1	1	0	0	0	0	0	
YOR020C	1	1	0	0	0	0	0	0	0	1	1	1	
YOR025W	1	1	1	1	0	0	0	0	0	0	0	1	
YOR026W	0	1	1	1	0	0	0	0	0	1	1	1	
YOR027W	0	0	0	1	1	1	1	0	0	0	0	0	
YOR028C	0	1	1	1	1	1	1	0	0	0	0	0	
YOR032C	0	0	0	1	1	1	1	1	1	0	0	0	
YOR033C	0	0	0	0	0	0	0	0	1	1	1	1	
YOR034C	0	1	1	1	1	1	1	1	0	0	0	0	
YOR035C	1	0	1	1	1	1	1	0	0	0	0	0	
YOR036W	0	1	1	1	1	1	1	0	0	0	0	0	
YOR037W	1	1	0	0	0	0	0	0	1	1	1	1	
YOR038C	1	1	0	0	0	0	0	0	1	1	1	1	
YOR040W	0	1	0	1	1	1	1	1	0	0	0	0	
YOR042W	0	1	1	1	1	1	1	0	0	0	0	0	
YOR043W	0	0	1	1	1	0	1	1	1	0	0	0	
YOR045W	1	1	0	0	0	0	0	0	0	1	1	1	
YOR053W	0	1	1	1	1	1	1	0	0	0	0	0	
YOR054C	0	1	1	1	1	1	0	0	0	0	0	0	
YOR058C	1	1	1	1	0	0	0	0	0	0	0	1	
YOR062C	0	1	1	1	1	1	1	1	0	0	0	0	
YOR063W	0	0	0	0	0	0	0	1	1	1	1	0	
YOR064C	0	0	0	0	0	0	0	0	1	0	1	1	
YOR065W	1	1	1	0	0	0	0	0	0	0	1	0	
YOR066W	0	1	1	1	1	1	1	1	1	1	0	0	
YOR073W	0	1	1	1	0	0	0	0	0	1	1	1	
YOR076C	0	1	1	1	1	1	1	0	0	0	0	0	
YOR078W	0	0	0	0	0	0	1	1	1	0	0	0	
YOR079C	0	0	0	0	0	0	0	1	1	1	1	1	
YOR082C	0	1	1	1	1	0	1	0	1	0	0	0	
YOR084W	0	1	1	0	0	0	0	0	0	0	0	0	
YOR086C	0	1	1	1	1	1	1	0	0	0	0	0	
YOR096W	0	0	0	0	0	0	0	1	1	1	1	0	
YOR100C	1	1	0	0	0	0	0	0	0	0	0	0	
YOR101W	0	0	0	0	0	0	0	1	1	0	0	0	
YOR102W	0	1	1	1	1	0	0	0	0	1	0	0	
YOR103C	0	1	1	1	0	0	0	0	0	1	1	1	
YOR107W	0	1	1	1	1	0	1	1	0	0	0	0	
YOR110W	0	1	1	1	0	0	1	0	1	1	1	0	
YOR112W	1	0	0	0	0	0	0	0	1	1	1	1	
YOR115C	0	0	0	0	0	0	0	1	1	1	1	1	
YOR116C	0	0	0	0	0	0	0	1	1	0	0	0	
YOR119C	0	0	0	0	1	1	1	1	1	0	0	0	
YOR121C	1	1	1	1	1	1	0	0	0	0	0	0	
YOR125C	1	1	1	1	0	0	0	0	0	1	1	1	
YOR127W	0	0	0	0	0	0	0	0	1	1	1	1	
YOR128C	0	0	0	0	0	0	0	0	1	0	0	0	
YOR130C	1	0	0	0	0	0	1	1	1	1	1	1	
YOR134W	0	1	1	1	1	1	1	0	0	0	0	0	
YOR136W	1	0	0	0	0	0	0	0	1	1	1	1	
YOR140W	0	0	1	0	0	0	1	1	1	0	1	0	
YOR142W	0	1	1	1	0	0	0	0	0	0	0	0	
YOR144C	0	0	0	0	0	0	0	1	1	1	1	1	
YOR145C	0	0	0	0	0	0	1	1	1	0	0	0	
YOR150W	1	1	0	0	0	0	0	0	0	1	1	1	
YOR151C	0	0	0	0	0	0	0	1	1	1	0	0	
YOR153W	1	0	0	0	0	0	0	1	1	1	0	1	
YOR155C	0	1	1	1	1	1	0	0	0	0	0	0	
YOR157C	0	1	1	1	1	1	1	0	0	0	0	0	
YOR158W	1	1	0	0	0	0	0	0	0	1	1	1	
YOR161C	0	0	1	1	1	1	1	0	0	0	0	0	
YOR164C	0	1	1	1	1	1	1	0	0	0	0	0	
YOR167C	0	0	0	0	0	0	0	1	1	1	1	0	
YOR173W	0	1	1	1	1	1	1	0	0	0	0	0	
YOR176W	0	1	1	1	1	0	0	0	0	1	0	0	
YOR177C	0	1	1	1	1	0	0	0	0	0	0	0	
YOR178C	0	1	1	1	1	1	0	0	0	0	0	0	
YOR179C	0	0	1	0	1	0	1	1	0	0	0	0	
YOR180C	0	1	1	1	1	0	0	0	0	0	0	0	
YOR184W	0	0	0	0	0	0	0	1	1	1	1	0	
YOR185C	0	1	1	1	1	1	1	0	0	0	0	0	
YOR187W	1	1	0	0	0	0	0	0	0	1	1	1	
YOR188W	0	0	0	0	0	0	0	1	1	1	1	1	
YOR197W	1	1	1	1	0	0	0	0	1	1	0	0	
YOR198C	1	1	0	0	0	0	0	0	1	1	1	1	
YOR201C	1	0	0	0	0	0	0	1	1	1	1	1	
YOR202W	0	0	0	0	0	0	1	1	1	0	0	0	
YOR204W	0	0	0	0	0	0	0	1	1	0	0	0	
YOR205C	1	0	0	0	0	0	0	1	1	1	1	1	
YOR208W	0	1	1	1	1	1	1	0	0	0	0	0	
YOR210W	0	0	0	0	0	0	0	1	1	0	0	0	
YOR212W	0	0	1	0	1	1	1	1	1	0	0	0	
YOR215C	0	1	1	1	1	1	1	0	0	0	0	0	
YOR219C	0	1	1	1	1	1	1	0	0	0	0	0	
YOR220W	0	1	1	1	1	1	0	0	0	0	0	0	
YOR224C	0	0	0	0	0	0	0	1	1	0	0	0	
YOR226C	0	0	0	0	0	0	0	1	1	1	0	0	
YOR227W	0	1	1	1	1	1	1	0	0	0	0	0	
YOR229W	0	1	1	1	1	1	1	1	1	0	0	0	
YOR230W	0	1	1	1	1	1	1	0	0	0	0	0	
YOR231W	0	1	1	1	1	1	1	0	1	0	0	0	
YOR232W	1	0	0	0	0	0	0	0	1	1	1	1	
YOR233W	0	0	0	0	0	0	1	1	1	0	1	1	
YOR236W	0	0	1	1	1	1	1	1	0	0	0	0	
YOR239W	0	0	0	0	0	0	0	1	1	1	1	1	
YOR244W	0	1	1	1	1	0	0	0	1	0	0	0	
YOR247W	1	0	0	0	0	0	0	0	0	1	1	1	
YOR251C	0	1	0	1	1	1	1	1	0	0	0	0	
YOR257W	0	0	1	1	1	1	1	0	0	0	0	0	
YOR259C	0	1	1	1	0	1	0	0	0	0	0	0	
YOR260W	0	0	0	0	0	0	0	1	1	1	1	0	
YOR261C	0	1	1	1	1	1	1	0	0	0	0	0	
YOR264W	0	1	1	1	1	1	0	0	0	0	0	0	
YOR266W	1	1	0	0	0	0	0	0	0	1	1	1	
YOR270C	0	0	0	0	0	0	0	1	1	0	0	0	
YOR271C	0	0	0	0	0	0	0	1	1	0	0	0	
YOR273C	1	1	1	1	1	0	0	0	0	0	0	0	
YOR274W	1	0	0	0	0	0	0	1	1	1	1	1	
YOR276W	0	0	0	0	0	0	0	1	1	1	1	0	
YOR279C	0	0	0	0	0	0	0	1	1	1	1	0	
YOR281C	0	0	0	0	0	0	0	1	1	0	0	0	
YOR283W	0	0	0	0	0	0	0	1	1	0	0	0	
YOR284W	1	0	0	0	0	0	1	0	0	1	1	1	
YOR285W	0	1	1	1	1	0	0	0	0	0	0	0	
YOR286W	1	0	0	0	0	0	0	0	0	1	1	1	
YOR288C	0	0	0	0	0	0	0	0	1	1	1	1	
YOR289W	0	0	1	1	1	1	1	0	0	0	0	0	
YOR297C	0	0	1	0	0	0	0	1	1	1	1	1	
YOR298C-A	0	1	1	1	1	1	1	0	0	0	0	0	
YOR299W	1	0	0	0	0	0	0	1	1	1	1	1	
YOR302W	0	0	0	1	1	1	1	1	0	0	0	0	
YOR303W	0	0	0	0	1	1	1	1	0	0	0	0	
YOR305W	0	0	0	0	0	0	0	1	1	1	1	1	
YOR307C	0	0	0	0	0	1	1	1	1	0	0	0	
YOR308C	0	0	0	0	0	0	1	1	1	1	1	1	
YOR310C	0	0	0	0	0	0	0	1	1	0	0	0	
YOR311C	0	0	0	0	0	0	1	1	1	1	1	0	
YOR315W	1	0	0	0	0	0	0	0	0	0	1	1	
YOR317W	0	1	1	1	1	1	0	0	0	0	0	0	
YOR321W	0	0	0	1	0	1	0	0	0	1	1	0	
YOR323C	0	0	0	0	0	0	1	1	1	1	0	0	
YOR324C	1	1	1	1	0	0	1	0	0	0	0	0	
YOR325W	1	1	1	1	1	0	1	0	0	0	0	0	
YOR326W	1	0	0	0	0	0	0	0	0	1	1	1	
YOR327C	0	1	1	0	0	1	1	1	0	0	0	0	
YOR329C	1	1	1	1	1	0	1	0	0	0	0	0	
YOR332W	0	1	1	0	0	0	0	1	1	1	0	0	
YOR335C	0	0	0	0	0	0	0	1	1	0	1	0	
YOR338W	0	0	0	0	0	0	0	1	0	0	0	0	
YOR339C	0	0	0	0	1	1	1	1	1	0	0	0	
YOR340C	0	0	0	0	0	0	0	1	1	0	0	0	
YOR341W	0	0	0	0	0	0	0	1	1	0	0	0	
YOR344C	0	0	0	1	1	1	1	1	0	0	0	0	
YOR348C	1	1	1	1	0	0	0	0	0	0	0	0	
YOR350C	0	0	1	1	1	1	1	1	0	0	0	0	
YOR354C	1	0	0	0	0	0	0	0	0	1	1	1	
YOR355W	0	0	1	1	1	1	1	0	0	0	0	0	
YOR358W	1	1	0	0	0	0	0	0	1	1	0	1	
YOR359W	0	0	0	0	0	0	1	1	1	0	0	0	
YOR361C	0	0	0	0	0	0	0	1	1	1	1	1	
YOR362C	0	1	1	1	1	0	0	0	0	0	0	0	
YOR366W	1	1	1	1	1	0	1	0	0	0	0	0	
YOR368W	1	0	0	0	0	0	0	0	1	1	1	1	
YOR370C	0	0	1	0	0	0	1	1	1	0	0	0	
YOR371C	0	0	0	0	1	1	1	1	1	0	0	0	
YOR373W	1	1	0	0	0	0	0	0	1	1	1	1	
YOR374W	0	1	1	1	1	0	0	0	0	0	0	0	
YOR375C	0	0	0	0	0	0	0	0	1	0	0	0	
YOR377W	1	1	1	1	1	0	0	0	1	0	0	0	
YOR380W	0	1	1	1	1	1	1	0	0	0	0	0	
YOR382W	1	1	0	0	0	0	0	0	0	0	0	1	
YOR383C	0	1	1	1	0	0	0	0	0	0	0	0	
YOR389W	1	1	1	1	1	1	0	1	0	0	0	0	
YPL003W	1	1	1	1	1	1	0	0	0	0	0	0	
YPL004C	0	1	1	1	1	1	1	0	0	0	0	0	
YPL005W	1	1	1	1	1	1	1	0	1	0	0	0	
YPL013C	1	0	0	0	0	0	0	0	0	1	1	1	
YPL016W	0	1	1	1	0	0	0	0	0	0	1	1	
YPL018W	1	1	1	1	1	1	1	0	0	0	0	0	
YPL019C	1	1	0	0	0	0	0	0	1	1	1	1	
YPL024W	1	1	1	1	0	0	0	1	0	0	0	1	
YPL026C	0	0	0	0	0	0	1	1	0	1	1	1	
YPL032C	0	0	0	0	0	0	0	1	1	1	1	1	
YPL036W	0	0	0	0	1	1	1	1	0	0	0	0	
YPL038W	0	0	0	0	0	0	1	1	1	0	0	0	
YPL040C	1	0	0	0	0	0	0	0	0	1	1	1	
YPL042C	0	0	0	0	0	0	0	1	0	0	1	1	
YPL046C	0	0	0	0	1	1	1	1	0	0	0	0	
YPL051W	0	0	0	0	0	1	1	1	0	0	0	0	
YPL057C	0	1	1	1	0	0	0	0	0	0	0	0	
YPL059W	1	0	0	0	0	0	0	0	0	1	1	1	
YPL061W	1	1	1	0	0	0	0	0	0	0	0	0	
YPL063W	1	0	0	0	0	0	0	0	1	1	1	1	
YPL075W	0	0	0	0	1	1	1	0	0	1	1	1	
YPL083C	1	0	1	0	0	0	0	1	1	1	1	1	
YPL086C	0	0	0	0	0	0	0	1	1	0	1	1	
YPL088W	0	0	0	0	0	0	0	1	1	1	1	1	
YPL089C	0	0	1	1	1	1	1	1	0	0	0	0	
YPL091W	1	0	0	0	0	0	0	1	1	1	1	1	
YPL092W	0	0	1	1	1	1	1	0	0	0	0	0	
YPL095C	0	0	1	1	1	1	1	0	0	0	0	0	
YPL106C	0	0	0	1	1	1	1	1	1	0	0	0	
YPL107W	1	1	1	1	0	0	1	1	1	0	0	0	
YPL111W	0	0	0	0	0	0	1	0	1	0	0	0	
YPL118W	1	1	0	0	0	0	0	0	0	1	1	1	
YPL119C	0	1	1	1	1	1	1	0	0	0	0	0	
YPL120W	1	1	1	1	1	1	1	0	0	0	0	0	
YPL124W	1	0	0	0	0	0	0	0	0	1	1	1	
YPL127C	1	1	1	0	0	0	0	0	0	1	1	1	
YPL131W	0	0	0	0	0	0	0	1	1	1	1	0	
YPL132W	1	0	0	0	0	0	0	0	0	1	1	1	
YPL134C	1	1	0	1	0	0	0	0	0	1	0	1	
YPL135W	1	1	0	1	1	1	1	0	0	0	0	0	
YPL138C	0	0	1	1	1	1	1	1	0	0	0	0	
YPL139C	1	1	1	0	0	0	0	0	1	0	0	1	
YPL144W	0	0	0	0	0	0	0	1	1	1	1	1	
YPL145C	1	0	0	0	0	0	0	0	1	1	1	0	
YPL147W	0	1	1	1	1	1	0	0	0	0	0	0	
YPL152W	1	1	1	1	1	1	1	0	0	0	0	0	
YPL153C	0	0	0	0	0	0	0	0	1	1	1	1	
YPL154C	0	1	1	1	1	0	0	0	0	0	0	0	
YPL155C	1	1	0	0	0	0	0	1	0	1	1	1	
YPL157W	0	1	1	1	0	0	0	1	1	0	0	0	
YPL158C	0	1	1	1	1	0	0	0	0	0	0	0	
YPL161C	1	1	1	1	1	1	1	0	0	0	1	0	
YPL162C	0	0	1	1	1	1	1	0	0	0	0	0	
YPL163C	0	0	0	0	0	0	0	0	0	1	1	1	
YPL164C	1	1	1	1	0	1	1	0	0	0	1	0	
YPL169C	0	0	0	0	0	0	0	1	1	0	0	0	
YPL170W	0	0	1	1	1	1	1	0	0	0	0	0	
YPL172C	1	0	0	0	0	0	0	0	0	1	1	1	
YPL179W	0	1	1	1	1	1	0	0	1	1	0	0	
YPL181W	1	1	0	0	0	0	0	1	1	1	1	0	
YPL183W-A	1	0	0	0	0	0	0	0	1	1	1	1	
YPL187W	0	0	0	0	0	0	0	0	1	1	1	1	
YPL189W	0	0	1	0	0	0	0	1	0	0	1	0	
YPL193W	0	1	1	1	1	1	1	1	0	0	0	0	
YPL196W	0	1	1	1	1	1	1	0	0	1	0	0	
YPL200W	1	1	1	1	1	1	0	0	0	0	0	0	
YPL201C	1	1	1	1	0	0	0	0	0	0	0	0	
YPL203W	0	1	1	1	1	1	1	0	0	0	0	0	
YPL204W	0	0	0	0	0	0	1	1	1	0	0	0	
YPL208W	1	0	0	0	0	0	0	0	1	1	1	0	
YPL209C	1	0	0	0	0	0	1	0	1	1	1	0	
YPL211W	0	0	0	0	0	0	0	1	1	0	0	0	
YPL212C	0	0	0	0	0	0	1	1	0	0	0	0	
YPL213W	0	0	0	0	0	0	0	1	1	1	1	1	
YPL214C	0	0	0	0	0	0	0	0	1	1	1	1	
YPL215W	1	1	0	0	0	0	0	0	1	1	1	1	
YPL218W	0	1	1	1	0	0	0	0	0	1	1	0	
YPL222W	0	1	1	1	1	1	1	0	0	0	0	0	
YPL224C	1	1	1	1	0	0	0	0	0	1	0	0	
YPL229W	0	0	1	1	0	0	0	1	1	0	0	0	
YPL235W	0	0	0	0	0	0	0	1	1	1	0	0	
YPL236C	0	1	1	1	1	1	1	0	0	0	0	0	
YPL237W	0	0	0	0	0	0	0	1	1	1	0	0	
YPL238C	0	0	0	0	0	0	0	1	1	1	0	0	
YPL240C	0	0	0	1	1	1	1	0	0	0	0	0	
YPL241C	1	0	0	0	0	0	0	0	1	1	1	1	
YPL242C	1	1	1	1	1	0	0	0	0	0	0	0	
YPL244C	1	0	0	0	0	0	0	1	1	1	1	0	
YPL245W	1	0	0	0	0	0	0	1	1	1	1	1	
YPL246C	1	0	0	0	0	0	0	1	1	0	0	0	
YPL247C	0	1	1	1	1	1	1	0	0	0	0	0	
YPL249C-A	0	0	0	0	0	0	0	1	1	1	0	0	
YPL250C	0	0	1	1	1	1	1	0	0	0	0	0	
YPL251W	1	0	0	0	0	0	0	1	1	1	1	1	
YPL252C	1	0	0	0	0	0	0	0	1	1	1	1	
YPL255W	1	0	0	0	0	0	0	0	1	1	1	1	
YPL256C	0	0	0	0	0	0	0	0	0	1	1	1	
YPL257W	1	1	1	1	1	1	1	0	0	0	0	0	
YPL258C	1	0	0	0	0	0	0	0	1	1	1	1	
YPL262W	1	1	1	0	0	0	0	0	0	1	1	0	
YPL264C	0	1	1	1	1	1	1	0	0	0	0	0	
YPL265W	1	0	0	0	0	0	0	0	1	0	0	0	
YPL267W	0	0	0	0	0	0	0	0	1	1	1	1	
YPL274W	1	0	0	0	0	0	1	1	1	1	1	1	
YPR001W	0	1	1	1	0	0	0	0	0	0	0	0	
YPR004C	0	0	0	0	0	0	0	0	1	1	1	1	
YPR008W	0	1	1	1	1	1	1	0	0	0	0	0	
YPR011C	1	0	0	0	0	0	0	0	1	1	1	1	
YPR016C	0	0	0	0	0	0	0	1	1	0	0	0	
YPR017C	1	0	0	0	0	0	0	1	1	1	1	1	
YPR018W	0	0	0	0	0	0	0	1	1	1	1	1	
YPR019W	1	1	1	0	0	0	0	0	1	1	0	0	
YPR020W	1	0	0	0	0	0	0	0	1	1	1	1	
YPR025C	1	1	1	0	0	0	0	0	1	0	0	0	
YPR028W	0	1	1	1	1	1	1	0	0	0	0	0	
YPR029C	1	0	0	0	0	0	0	0	1	1	1	1	
YPR032W	1	1	0	0	0	0	0	0	1	1	0	1	
YPR033C	0	0	0	0	0	0	0	1	1	1	0	1	
YPR036W	0	0	1	1	1	1	1	1	1	0	0	0	
YPR037C	0	0	1	1	1	1	1	1	0	0	0	0	
YPR040W	0	0	1	1	1	1	1	1	1	0	0	0	
YPR041W	0	0	0	0	0	0	0	1	1	1	1	1	
YPR047W	1	1	0	0	0	0	0	0	0	1	1	1	
YPR049C	0	0	1	1	1	1	1	0	0	0	0	0	
YPR058W	1	0	0	0	0	1	1	1	1	0	0	0	
YPR065W	0	0	1	1	1	1	0	1	0	0	0	0	
YPR074C	0	0	0	0	0	0	0	1	1	1	1	1	
YPR082C	1	0	1	0	0	0	0	0	0	0	1	1	
YPR085C	0	0	1	0	1	1	1	1	0	0	0	0	
YPR100W	1	0	0	0	0	0	0	0	0	1	1	1	
YPR101W	0	0	1	1	1	1	1	0	0	1	0	0	
YPR103W	0	0	1	1	1	1	1	0	0	0	0	0	
YPR106W	0	1	1	1	1	1	1	0	0	0	0	0	
YPR108W	0	1	1	1	1	0	0	0	0	0	0	0	
YPR113W	1	0	0	0	0	0	0	0	1	1	1	1	
YPR119W	1	1	1	1	0	0	0	0	0	0	0	1	
YPR120C	0	0	0	0	0	0	0	0	1	1	1	1	
YPR121W	0	0	0	0	1	1	1	0	1	0	0	0	
YPR124W	1	0	0	0	0	0	0	0	1	1	1	1	
YPR125W	0	0	0	0	0	0	0	1	1	1	1	1	
YPR128C	0	0	0	1	1	1	1	0	0	0	0	0	
YPR135W	0	0	1	0	0	1	1	0	0	1	1	1	
YPR137W	0	0	0	0	0	0	0	1	1	0	0	0	
YPR138C	0	0	0	0	0	0	0	1	1	0	0	1	
YPR141C	1	1	0	0	0	0	0	0	1	1	1	1	
YPR144C	0	0	0	0	0	0	0	1	1	0	0	0	
YPR145W	0	0	0	0	0	0	0	1	1	0	1	1	
YPR152C	0	0	1	1	1	1	1	1	0	0	0	0	
YPR154W	0	1	1	1	1	1	1	0	0	0	0	0	
YPR155C	1	1	1	1	1	1	0	0	0	0	0	0	
YPR159W	0	0	0	0	0	0	0	1	1	1	1	1	
YPR160W	0	1	1	1	1	1	0	0	0	0	0	0	
YPR164W	0	0	1	1	1	1	1	1	0	0	0	0	
YPR167C	0	0	0	0	0	0	0	1	1	1	1	1	
YPR168W	0	0	1	1	1	1	1	1	0	0	0	0	
YPR172W	0	1	1	1	1	1	1	0	0	0	0	0	
YPR174C	0	0	0	0	1	0	1	0	0	1	1	1	
YPR175W	1	0	0	0	0	0	0	0	1	1	1	1	
YPR176C	1	0	0	0	0	0	0	0	1	1	1	1	
YPR181C	0	1	1	1	0	0	0	0	0	0	0	0	
YPR182W	0	1	1	1	1	0	0	0	0	0	0	0	
YPR183W	0	0	0	0	0	0	0	1	1	1	1	0	
YPR184W	0	1	1	1	1	1	1	0	0	0	0	0	
YPR190C	0	0	0	0	0	0	1	1	1	1	0	1	
YPR191W	1	1	0	0	0	0	0	0	1	1	1	1	
YPR193C	0	1	1	1	1	1	1	0	0	0	0	0	
YPR194C	1	0	0	0	0	0	0	0	1	0	0	1	
