0.45028759244042726 
0.45028759244042726 
0.45028759244042726 
0.45028759244042726 
0.45028759244042726 
0.45028759244042726 
0.45028759244042726 
0.4412280701754386 
0.44037828947368424 
0.44014578076815253 
0.4384646628757108 
0.4384646628757108 
0.4384646628757108 
0.4384646628757108 
0.4384646628757108 
0.4377049180327869 
0.4373956594323873 
0.43713572023313907 
0.43655227454110135 
0.436046511627907 
0.4360323886639676 
0.43467336683417085 
0.4346590909090909 
0.4343112244897959 
0.4339152119700748 
0.43333333333333335 
0.43287435456110157 
0.4323355817875211 
0.432274678111588 
0.4321398834304746 
